2080*1398
1466,137
1536,137
1466,138
1536,138
1167,139
1467,139
1536,139
1166,140
1468,140
1536,140
1165,141
1469,141
1536,141
1688,141
1165,142
1268,142
1469,142
1536,142
1689,142
1164,143
1268,143
1469,143
1535,143
1689,143
1865,143
1165,144
1268,144
1470,144
1535,144
1690,144
1866,144
1117,145
1164,145
1267,145
1471,145
1535,145
1691,145
1865,145
1895,145
1116,146
1164,146
1267,146
1472,146
1536,146
1636,146
1691,146
1865,146
1895,146
1116,147
1164,147
1268,147
1472,147
1536,147
1636,147
1691,147
1865,147
1896,147
1115,148
1163,148
1267,148
1472,148
1536,148
1637,148
1692,148
1864,148
1897,148
1049,149
1115,149
1163,149
1267,149
1472,149
1535,149
1637,149
1692,149
1783,149
1864,149
1898,149
1047,150
1114,150
1164,150
1267,150
1472,150
1535,150
1637,150
1693,150
1783,150
1863,150
1898,150
1047,151
1113,151
1163,151
1266,151
1472,151
1535,151
1576,151
1637,151
1693,151
1757,151
1783,151
1863,151
1899,151
1047,152
1112,152
1163,152
1266,152
1301,152
1473,152
1536,152
1576,152
1637,152
1693,152
1758,152
1784,152
1863,152
1899,152
1047,153
1111,153
1163,153
1267,153
1303,153
1406,153
1412,153
1473,153
1535,153
1577,153
1636,153
1693,153
1758,153
1785,153
1863,153
1899,153
1047,154
1110,154
1162,154
1267,154
1304,154
1411,154
1473,154
1535,154
1579,154
1637,154
1692,154
1758,154
1786,154
1862,154
1900,154
1047,155
1110,155
1266,155
1306,155
1411,155
1535,155
1579,155
1637,155
1693,155
1758,155
1786,155
1862,155
1901,155
1047,156
1095,156
1111,156
1204,156
1227,156
1266,156
1306,156
1411,156
1579,156
1637,156
1693,156
1757,156
1787,156
1861,156
1901,156
1047,157
1096,157
1103,157
1204,157
1229,157
1266,157
1307,157
1355,157
1413,157
1534,157
1580,157
1637,157
1756,157
1787,157
1861,157
1901,157
1098,158
1204,158
1228,158
1266,158
1307,158
1354,158
1413,158
1477,158
1580,158
1637,158
1735,158
1755,158
1789,158
1808,158
1861,158
1901,158
1095,159
1203,159
1229,159
1308,159
1355,159
1413,159
1477,159
1534,159
1581,159
1636,159
1734,159
1753,159
1792,159
1807,159
1861,159
1901,159
1095,160
1202,160
1230,160
1308,160
1355,160
1414,160
1477,160
1581,160
1637,160
1734,160
1745,160
1754,160
1789,160
1798,160
1807,160
1861,160
1902,160
1095,161
1159,161
1202,161
1230,161
1309,161
1356,161
1414,161
1480,161
1533,161
1581,161
1637,161
1736,161
1754,161
1807,161
1858,161
1901,161
1094,162
1159,162
1216,162
1310,162
1357,162
1417,162
1434,162
1483,162
1533,162
1581,162
1637,162
1695,162
1735,162
1809,162
1902,162
1094,163
1157,163
1205,163
1230,163
1310,163
1357,163
1416,163
1424,163
1434,163
1483,163
1533,163
1582,163
1636,163
1734,163
1809,163
1093,164
1157,164
1203,164
1230,164
1311,164
1315,164
1358,164
1377,164
1415,164
1432,164
1483,164
1534,164
1582,164
1732,164
1810,164
1092,165
1156,165
1203,165
1230,165
1318,165
1325,165
1361,165
1378,165
1423,165
1434,165
1483,165
1534,165
1699,165
1731,165
1811,165
1045,166
1090,166
1156,166
1204,166
1228,166
1263,166
1322,166
1359,166
1375,166
1436,166
1483,166
1533,166
1699,166
1730,166
1811,166
1855,166
1904,166
948,167
1045,167
1089,167
1156,167
1231,167
1263,167
1325,167
1379,167
1436,167
1483,167
1534,167
1636,167
1700,167
1730,167
1812,167
1904,167
946,168
1045,168
1157,168
1262,168
1325,168
1379,168
1437,168
1484,168
1533,168
1586,168
1700,168
1728,168
1813,168
1853,168
946,169
1044,169
1157,169
1263,169
1326,169
1379,169
1437,169
1484,169
1533,169
1591,169
1635,169
1700,169
1726,169
1732,169
1815,169
1853,169
1907,169
946,170
1044,170
1156,170
1263,170
1326,170
1380,170
1438,170
1484,170
1534,170
1592,170
1635,170
1700,170
1853,170
1899,170
1908,170
946,171
1045,171
1156,171
1263,171
1327,171
1381,171
1439,171
1484,171
1534,171
1592,171
1637,171
1700,171
1853,171
1909,171
946,172
1045,172
1155,172
1263,172
1327,172
1382,172
1441,172
1484,172
1533,172
1592,172
1637,172
1701,172
1853,172
1909,172
946,173
1044,173
1155,173
1262,173
1328,173
1383,173
1485,173
1533,173
1592,173
1637,173
1701,173
1852,173
1909,173
946,174
1044,174
1155,174
1262,174
1329,174
1486,174
1532,174
1592,174
1636,174
1701,174
1852,174
1909,174
946,175
1044,175
1154,175
1262,175
1330,175
1487,175
1533,175
1593,175
1636,175
1701,175
1852,175
1909,175
897,176
947,176
1044,176
1154,176
1262,176
1332,176
1487,176
1533,176
1594,176
1636,176
1702,176
1852,176
1910,176
896,177
946,177
1044,177
1154,177
1262,177
1334,177
1487,177
1533,177
1594,177
1636,177
1702,177
1851,177
1910,177
897,178
946,178
1044,178
1153,178
1262,178
1488,178
1533,178
1594,178
1637,178
1703,178
1851,178
1910,178
898,179
946,179
1044,179
1153,179
1261,179
1489,179
1532,179
1594,179
1637,179
1703,179
1851,179
1911,179
898,180
947,180
1044,180
1261,180
1532,180
1595,180
1637,180
1703,180
1850,180
1911,180
898,181
947,181
1043,181
1261,181
1532,181
1597,181
1636,181
1703,181
1850,181
1911,181
898,182
1043,182
1261,182
1597,182
1636,182
1850,182
1912,182
898,183
1261,183
1597,183
1636,183
1849,183
1912,183
899,184
1260,184
1636,184
1847,184
1913,184
1636,185
1848,185
1912,185
1636,186
1913,186
1636,187
1912,187
1635,188
1636,189
119,320
1296,320
1937,320
119,321
1296,321
1937,321
119,322
1296,322
1937,322
118,323
217,323
1297,323
1938,323
118,324
218,324
700,324
1297,324
1938,324
117,325
218,325
635,325
699,325
827,325
1297,325
1325,325
1939,325
116,326
218,326
373,326
636,326
699,326
824,326
973,326
1297,326
1324,326
1939,326
117,327
218,327
286,327
375,327
452,327
636,327
699,327
824,327
974,327
1297,327
1323,327
1939,327
117,328
218,328
287,328
376,328
452,328
638,328
700,328
822,328
975,328
1147,328
1298,328
1767,328
1939,328
117,329
218,329
285,329
377,329
450,329
640,329
700,329
821,329
975,329
1147,329
1298,329
1313,329
1386,329
1391,329
1767,329
1940,329
116,330
219,330
284,330
378,330
449,330
640,330
700,330
821,330
976,330
1147,330
1297,330
1387,330
1392,330
1768,330
1940,330
16,331
79,331
116,331
219,331
284,331
379,331
449,331
640,331
700,331
820,331
976,331
1146,331
1297,331
1392,331
1769,331
1940,331
13,332
77,332
116,332
219,332
283,332
379,332
448,332
641,332
700,332
820,332
976,332
1146,332
1297,332
1393,332
1770,332
1940,332
13,333
77,333
116,333
219,333
282,333
379,333
447,333
508,333
642,333
700,333
819,333
976,333
1146,333
1298,333
1393,333
1770,333
1940,333
13,334
75,334
116,334
219,334
281,334
380,334
447,334
508,334
642,334
701,334
818,334
909,334
977,334
1059,334
1064,334
1145,334
1298,334
1394,334
1771,334
1940,334
13,335
74,335
115,335
219,335
281,335
381,335
446,335
506,335
618,335
642,335
701,335
818,335
910,335
977,335
1062,335
1145,335
1298,335
1394,335
1771,335
1940,335
13,336
73,336
116,336
219,336
280,336
381,336
446,336
505,336
616,336
643,336
701,336
818,336
911,336
977,336
1065,336
1145,336
1298,336
1395,336
1771,336
1941,336
14,337
72,337
116,337
220,337
280,337
381,337
445,337
505,337
615,337
643,337
701,337
751,337
817,337
911,337
977,337
1066,337
1145,337
1205,337
1298,337
1396,337
1771,337
1941,337
14,338
72,338
219,338
280,338
381,338
442,338
503,338
614,338
643,338
701,338
753,338
817,338
912,338
978,338
1018,338
1066,338
1145,338
1204,338
1228,338
1297,338
1395,338
1772,338
1941,338
14,339
71,339
114,339
220,339
280,339
383,339
426,339
437,339
444,339
503,339
613,339
645,339
701,339
753,339
816,339
850,339
913,339
978,339
1018,339
1067,339
1145,339
1204,339
1227,339
1298,339
1396,339
1531,339
1609,339
1773,339
1941,339
14,340
71,340
279,340
382,340
428,340
437,340
502,340
613,340
649,340
702,340
754,340
811,340
852,340
913,340
978,340
1019,340
1067,340
1144,340
1204,340
1228,340
1396,340
1530,340
1608,340
1773,340
70,341
114,341
221,341
279,341
429,341
502,341
539,341
612,341
702,341
755,341
852,341
914,341
978,341
1020,341
1068,341
1145,341
1203,341
1228,341
1364,341
1397,341
1530,341
1608,341
1773,341
69,342
115,342
279,342
388,342
428,342
501,342
540,342
612,342
756,342
810,342
853,342
914,342
1021,342
1069,342
1145,342
1203,342
1228,342
1364,342
1529,342
1555,342
1609,342
1773,342
1854,342
1871,342
69,343
118,343
222,343
278,343
343,343
389,343
427,343
501,343
539,343
564,343
611,343
651,343
657,343
757,343
810,343
854,343
916,343
934,343
1021,343
1069,343
1144,343
1181,343
1202,343
1229,343
1252,343
1361,343
1529,343
1556,343
1609,343
1633,343
1772,343
1854,343
1873,343
1942,343
16,344
69,344
223,344
344,344
393,344
426,344
500,344
539,344
564,344
611,344
657,344
757,344
804,344
855,344
917,344
935,344
1022,344
1071,344
1183,344
1199,344
1229,344
1252,344
1298,344
1360,344
1528,344
1556,344
1610,344
1633,344
1774,344
1853,344
1874,344
1942,344
17,345
68,345
111,345
344,345
395,345
426,345
500,345
539,345
564,345
610,345
658,345
703,345
757,345
803,345
855,345
916,345
926,345
936,345
981,345
1022,345
1070,345
1077,345
1182,345
1199,345
1234,345
1252,345
1360,345
1404,345
1409,345
1527,345
1557,345
1611,345
1634,345
1852,345
1874,345
1941,345
65,346
111,346
274,346
320,346
344,346
395,346
425,346
500,346
539,346
565,346
610,346
658,346
703,346
759,346
802,346
856,346
918,346
935,346
981,346
1023,346
1070,346
1078,346
1088,346
1183,346
1200,346
1231,346
1251,346
1360,346
1409,346
1526,346
1559,346
1622,346
1851,346
1875,346
111,347
224,347
275,347
320,347
344,347
395,347
425,347
499,347
553,347
609,347
658,347
759,347
766,347
775,347
802,347
856,347
937,347
981,347
1025,347
1086,347
1141,347
1180,347
1200,347
1232,347
1253,347
1359,347
1408,347
1414,347
1525,347
1559,347
1612,347
1633,347
1850,347
1877,347
1945,347
18,348
62,348
111,348
223,348
272,348
278,348
320,348
342,348
395,348
424,348
540,348
563,348
604,348
659,348
767,348
775,348
802,348
857,348
937,348
983,348
1024,348
1031,348
1039,348
1088,348
1180,348
1254,348
1300,348
1358,348
1408,348
1414,348
1525,348
1559,348
1612,348
1621,348
1635,348
1776,348
1850,348
1877,348
1946,348
17,349
54,349
60,349
65,349
111,349
223,349
269,349
322,349
343,349
395,349
423,349
542,349
554,349
567,349
659,349
773,349
801,349
857,349
864,349
871,349
938,349
984,349
1032,349
1039,349
1088,349
1179,349
1254,349
1299,349
1357,349
1408,349
1414,349
1525,349
1560,349
1614,349
1636,349
1776,349
1849,349
1878,349
1946,349
17,350
56,350
67,350
110,350
223,350
268,350
319,350
333,350
342,350
396,350
422,350
493,350
541,350
565,350
593,350
603,350
660,350
704,350
775,350
801,350
865,350
872,350
938,350
984,350
1039,350
1089,350
1141,350
1178,350
1255,350
1300,350
1356,350
1407,350
1414,350
1525,350
1561,350
1636,350
1849,350
1878,350
1946,350
17,351
54,351
110,351
223,351
268,351
318,351
340,351
396,351
420,351
485,351
493,351
544,351
567,351
599,351
660,351
705,351
777,351
800,351
870,351
939,351
984,351
1040,351
1090,351
1140,351
1178,351
1255,351
1300,351
1338,351
1354,351
1415,351
1517,351
1523,351
1561,351
1637,351
1780,351
1848,351
1879,351
1946,351
17,352
54,352
111,352
223,352
268,352
318,352
397,352
417,352
487,352
567,352
595,352
661,352
705,352
778,352
799,352
872,352
939,352
984,352
1041,352
1090,352
1139,352
1178,352
1255,352
1300,352
1338,352
1347,352
1356,352
1415,352
1508,352
1516,352
1562,352
1576,352
1637,352
1781,352
1828,352
1839,352
1848,352
1881,352
1947,352
17,353
53,353
110,353
224,353
267,353
318,353
398,353
486,353
565,353
594,353
661,353
705,353
778,353
799,353
874,353
941,353
984,353
1041,353
1091,353
1139,353
1178,353
1300,353
1339,353
1416,353
1510,353
1573,353
1636,353
1781,353
1829,353
1838,353
1848,353
1880,353
1894,353
1947,353
17,354
53,354
109,354
224,354
267,354
318,354
398,354
486,354
594,354
663,354
705,354
778,354
798,354
874,354
942,354
984,354
1042,354
1092,354
1139,354
1300,354
1338,354
1417,354
1508,354
1575,354
1781,354
1827,354
1836,354
1846,354
1891,354
1947,354
17,355
52,355
109,355
224,355
267,355
320,355
399,355
485,355
594,355
664,355
704,355
780,355
797,355
875,355
942,355
947,355
984,355
1042,355
1092,355
1139,355
1300,355
1337,355
1415,355
1508,355
1577,355
1782,355
1828,355
1894,355
1947,355
17,356
52,356
109,356
224,356
267,356
400,356
484,356
593,356
665,356
705,356
780,356
796,356
875,356
985,356
1044,356
1093,356
1139,356
1300,356
1337,356
1417,356
1507,356
1578,356
1782,356
1827,356
1894,356
1946,356
17,357
52,357
110,357
224,357
266,357
402,357
484,357
593,357
666,357
705,357
781,357
796,357
876,357
985,357
1045,357
1095,357
1139,357
1301,357
1336,357
1417,357
1507,357
1578,357
1782,357
1827,357
1895,357
1947,357
17,358
51,358
109,358
224,358
265,358
402,358
484,358
592,358
666,358
705,358
783,358
794,358
876,358
985,358
1046,358
1098,358
1139,358
1301,358
1335,358
1419,358
1440,358
1506,358
1578,358
1782,358
1826,358
1896,358
1948,358
18,359
50,359
109,359
225,359
265,359
402,359
483,359
592,359
705,359
786,359
878,359
986,359
1138,359
1301,359
1334,359
1418,359
1505,359
1579,359
1782,359
1825,359
1896,359
1948,359
19,360
49,360
108,360
225,360
265,360
483,360
590,360
705,360
880,360
986,360
1139,360
1300,360
1335,360
1504,360
1580,360
1783,360
1824,360
1897,360
1947,360
19,361
47,361
108,361
225,361
264,361
482,361
590,361
705,361
987,361
1138,361
1300,361
1333,361
1437,361
1504,361
1581,361
1784,361
1823,361
1897,361
1948,361
19,362
47,362
225,362
263,362
481,362
588,362
706,362
987,362
1138,362
1301,362
1328,362
1334,362
1503,362
1583,362
1784,362
1822,362
1899,362
1948,362
19,363
47,363
226,363
262,363
480,363
588,363
706,363
988,363
1137,363
1301,363
1435,363
1500,363
1784,363
1823,363
1901,363
1948,363
20,364
263,364
479,364
586,364
706,364
988,364
1137,364
1301,364
1784,364
1821,364
1949,364
20,365
478,365
586,365
707,365
1137,365
1301,365
1433,365
1785,365
1948,365
477,366
706,366
1137,366
1301,366
1432,366
1786,366
1949,366
707,367
1136,367
1301,367
1786,367
707,368
1136,368
1449,371
1448,372
1099,460
1104,460
1103,462
1101,463
1100,465
1110,467
1124,470
1117,473
1125,476
145,502
145,503
146,504
145,505
145,506
304,506
1434,506
145,507
305,507
1434,507
1567,507
145,508
305,508
1434,508
1566,508
1639,508
94,509
145,509
304,509
1339,509
1434,509
1639,509
95,510
146,510
304,510
1339,510
1434,510
1640,510
94,511
145,511
305,511
582,511
700,511
1339,511
1435,511
1642,511
1929,511
95,512
145,512
305,512
582,512
700,512
887,512
1022,512
1338,512
1435,512
1641,512
1696,512
1867,512
1928,512
94,513
145,513
305,513
505,513
581,513
699,513
887,513
1021,513
1338,513
1435,513
1642,513
1697,513
1867,513
1928,513
95,514
145,514
305,514
461,514
506,514
581,514
698,514
888,514
1021,514
1053,514
1338,514
1435,514
1496,514
1642,514
1697,514
1867,514
1928,514
95,515
146,515
305,515
461,515
507,515
581,515
697,515
802,515
889,515
1020,515
1054,515
1338,515
1435,515
1496,515
1642,515
1698,515
1868,515
1928,515
95,516
146,516
247,516
305,516
461,516
508,516
581,516
697,516
730,516
801,516
889,516
970,516
1019,516
1055,516
1337,516
1436,516
1496,516
1643,516
1699,516
1867,516
1928,516
95,517
146,517
245,517
305,517
462,517
509,517
581,517
696,517
731,517
801,517
889,517
970,517
1019,517
1056,517
1337,517
1437,517
1496,517
1644,517
1699,517
1747,517
1867,517
1927,517
96,518
146,518
245,518
305,518
463,518
509,518
581,518
696,518
731,518
800,518
890,518
970,518
1017,518
1056,518
1337,518
1437,518
1496,518
1644,518
1701,518
1747,518
1868,518
1927,518
96,519
146,519
246,519
306,519
403,519
462,519
510,519
581,519
696,519
731,519
799,519
891,519
968,519
1017,519
1056,519
1336,519
1437,519
1496,519
1644,519
1701,519
1749,519
1867,519
1926,519
96,520
146,520
246,520
269,520
305,520
403,520
463,520
510,520
580,520
695,520
731,520
798,520
891,520
967,520
1017,520
1057,520
1162,520
1241,520
1336,520
1437,520
1496,520
1644,520
1701,520
1749,520
1868,520
1926,520
96,521
246,521
271,521
306,521
403,521
463,521
511,521
580,521
694,521
732,521
798,521
891,521
966,521
1017,521
1058,521
1161,521
1242,521
1337,521
1369,521
1437,521
1496,521
1644,521
1701,521
1750,521
1868,521
1927,521
96,522
248,522
271,522
306,522
375,522
403,522
425,522
464,522
511,522
579,522
694,522
732,522
798,522
891,522
966,522
1016,522
1058,522
1160,522
1241,522
1336,522
1368,522
1436,522
1496,522
1644,522
1701,522
1750,522
1868,522
1926,522
96,523
248,523
269,523
306,523
375,523
403,523
426,523
464,523
513,523
580,523
694,523
733,523
797,523
892,523
965,523
1016,523
1058,523
1106,523
1126,523
1160,523
1184,523
1240,523
1335,523
1369,523
1437,523
1495,523
1645,523
1702,523
1750,523
1867,523
1926,523
97,524
249,524
271,524
374,524
404,524
426,524
464,524
512,524
518,524
580,524
694,524
733,524
797,524
892,524
964,524
1016,524
1058,524
1106,524
1127,524
1161,524
1183,524
1240,524
1336,524
1370,524
1437,524
1496,524
1645,524
1702,524
1751,524
1867,524
1926,524
98,525
147,525
249,525
273,525
374,525
416,525
464,525
520,525
580,525
694,525
733,525
796,525
892,525
964,525
1016,525
1058,525
1104,525
1127,525
1161,525
1184,525
1239,525
1335,525
1370,525
1436,525
1495,525
1645,525
1703,525
1751,525
1868,525
1925,525
51,526
149,526
249,526
274,526
374,526
404,526
427,526
464,526
521,526
527,526
580,526
694,526
733,526
796,526
892,526
964,526
1016,526
1058,526
1104,526
1128,526
1164,526
1185,526
1238,526
1370,526
1495,526
1644,526
1702,526
1752,526
1868,526
1924,526
55,527
274,527
373,527
406,527
428,527
465,527
527,527
579,527
620,527
640,527
693,527
734,527
796,527
893,527
963,527
1014,527
1059,527
1103,527
1115,527
1128,527
1167,527
1186,527
1219,527
1237,527
1269,527
1371,527
1394,527
1495,527
1703,527
1752,527
1867,527
55,528
275,528
308,528
371,528
406,528
429,528
465,528
528,528
580,528
618,528
641,528
693,528
734,528
796,528
961,528
1060,528
1104,528
1126,528
1163,528
1187,528
1218,528
1229,528
1237,528
1269,528
1373,528
1394,528
1495,528
1703,528
1752,528
1867,528
55,529
101,529
148,529
273,529
311,529
353,529
370,529
429,529
466,529
529,529
580,529
617,529
642,529
691,529
734,529
796,529
955,529
962,529
1061,529
1104,529
1128,529
1163,529
1186,529
1217,529
1227,529
1236,529
1269,529
1372,529
1382,529
1394,529
1495,529
1537,529
1704,529
1752,529
1867,529
56,530
148,530
271,530
277,530
353,530
363,530
372,530
428,530
466,530
529,530
579,530
616,530
643,530
734,530
795,530
897,530
945,530
1105,530
1128,530
1188,530
1220,530
1238,530
1270,530
1374,530
1391,530
1495,530
1535,530
1752,530
55,531
147,531
309,531
353,531
362,531
371,531
430,531
467,531
529,531
618,531
641,531
735,531
947,531
1105,531
1127,531
1188,531
1218,531
1270,531
1374,531
1382,531
1394,531
1495,531
1535,531
1557,531
1612,531
1753,531
1919,531
55,532
102,532
148,532
308,532
353,532
365,532
530,532
630,532
946,532
1107,532
1124,532
1186,532
1217,532
1272,532
1330,532
1394,532
1494,532
1535,532
1557,532
1592,532
1614,532
1753,532
40,533
54,533
102,533
148,533
308,533
352,533
530,533
617,533
631,533
643,533
689,533
791,533
944,533
1007,533
1064,533
1216,533
1273,533
1291,533
1331,533
1396,533
1535,533
1558,533
1592,533
1613,533
1753,533
51,534
101,534
147,534
307,534
351,534
470,534
532,534
617,534
642,534
689,534
792,534
901,534
944,534
1005,534
1215,534
1275,534
1291,534
1331,534
1395,534
1420,534
1428,534
1536,534
1548,534
1558,534
1590,534
1614,534
1651,534
1753,534
1919,534
53,535
101,535
147,535
308,535
350,535
470,535
533,535
580,535
618,535
642,535
901,535
943,535
1004,535
1068,535
1215,535
1273,535
1290,535
1330,535
1396,535
1422,535
1535,535
1556,535
1591,535
1613,535
1652,535
1753,535
1919,535
51,536
101,536
147,536
309,536
350,536
471,536
534,536
619,536
640,536
683,536
789,536
902,536
943,536
1005,536
1068,536
1214,536
1274,536
1293,536
1330,536
1396,536
1404,536
1438,536
1537,536
1545,536
1560,536
1603,536
1652,536
1711,536
1919,536
102,537
147,537
308,537
349,537
534,537
683,537
786,537
902,537
943,537
1005,537
1067,537
1214,537
1293,537
1330,537
1395,537
1404,537
1438,537
1537,537
1560,537
1592,537
1614,537
1652,537
1712,537
1866,537
1919,537
102,538
148,538
308,538
349,538
472,538
537,538
683,538
741,538
785,538
902,538
942,538
1004,538
1068,538
1293,538
1329,538
1439,538
1493,538
1539,538
1560,538
1591,538
1614,538
1653,538
1712,538
1867,538
1919,538
102,539
148,539
308,539
347,539
473,539
576,539
683,539
741,539
786,539
902,539
941,539
1004,539
1069,539
1294,539
1330,539
1439,539
1559,539
1592,539
1613,539
1653,539
1712,539
1867,539
1919,539
102,540
148,540
308,540
474,540
578,540
682,540
741,540
786,540
902,540
940,540
1004,540
1069,540
1294,540
1329,540
1438,540
1557,540
1593,540
1612,540
1653,540
1713,540
1753,540
1866,540
1919,540
102,541
148,541
309,541
473,541
578,541
682,541
741,541
785,541
903,541
939,541
1003,541
1069,541
1295,541
1329,541
1439,541
1493,541
1653,541
1713,541
1866,541
1918,541
103,542
148,542
309,542
474,542
578,542
682,542
741,542
785,542
904,542
938,542
1002,542
1069,542
1297,542
1329,542
1440,542
1493,542
1653,542
1713,542
1760,542
1866,542
1917,542
103,543
149,543
309,543
473,543
577,543
681,543
741,543
784,543
904,543
935,543
1002,543
1070,543
1328,543
1440,543
1494,543
1653,543
1713,543
1760,543
1867,543
1917,543
103,544
149,544
309,544
474,544
577,544
682,544
742,544
784,544
904,544
1001,544
1071,544
1328,544
1441,544
1494,544
1654,544
1714,544
1760,544
1867,544
1917,544
104,545
149,545
309,545
474,545
576,545
681,545
742,545
784,545
905,545
1001,545
1071,545
1328,545
1441,545
1495,545
1654,545
1715,545
1760,545
1866,545
1917,545
104,546
149,546
310,546
474,546
577,546
680,546
742,546
783,546
905,546
1000,546
1071,546
1327,546
1441,546
1495,546
1655,546
1715,546
1761,546
1866,546
1916,546
105,547
149,547
310,547
474,547
577,547
680,547
742,547
783,547
907,547
999,547
1072,547
1326,547
1443,547
1496,547
1655,547
1715,547
1761,547
1866,547
1915,547
105,548
149,548
311,548
475,548
577,548
679,548
743,548
782,548
907,548
998,548
1072,548
1326,548
1443,548
1496,548
1655,548
1715,548
1761,548
1866,548
1915,548
475,549
577,549
679,549
743,549
781,549
907,549
998,549
1074,549
1488,549
1496,549
1655,549
1715,549
1761,549
1867,549
1914,549
476,550
576,550
679,550
744,550
781,550
1074,550
1488,550
1496,550
1656,550
1716,550
1761,550
1866,550
477,551
576,551
678,551
745,551
780,551
1488,551
1656,551
1717,551
1761,551
1866,551
477,552
576,552
677,552
745,552
780,552
1488,552
1493,552
1657,552
1717,552
1762,552
1866,552
478,553
577,553
677,553
1492,553
1656,553
1763,553
478,554
576,554
1492,554
1763,554
479,555
576,555
1492,555
1763,555
576,556
1491,556
1763,556
576,557
1491,557
1763,557
576,558
1765,558
1491,559
1765,559
1765,560
1003,604
1007,604
1004,605
1002,606
1526,607
75,690
75,691
438,691
75,692
438,692
668,692
75,693
438,693
507,693
668,693
76,694
438,694
507,694
668,694
1685,694
76,695
198,695
439,695
507,695
667,695
1058,695
1684,695
76,696
198,696
252,696
440,696
507,696
667,696
1057,696
1684,696
76,697
196,697
251,697
357,697
440,697
507,697
667,697
1056,697
1684,697
76,698
195,698
249,698
357,698
440,698
507,698
666,698
1054,698
1104,698
1684,698
77,699
194,699
248,699
356,699
440,699
508,699
665,699
1054,699
1104,699
1583,699
1684,699
1881,699
77,700
194,700
247,700
356,700
440,700
507,700
665,700
1053,700
1104,700
1583,700
1684,700
1883,700
77,701
193,701
246,701
355,701
441,701
507,701
666,701
1053,701
1104,701
1583,701
1683,701
1884,701
77,702
193,702
245,702
353,702
441,702
508,702
665,702
740,702
1053,702
1103,702
1583,702
1683,702
1886,702
77,703
193,703
246,703
353,703
442,703
508,703
665,703
739,703
1052,703
1103,703
1320,703
1483,703
1583,703
1619,703
1683,703
1802,703
1887,703
77,704
138,704
192,704
245,704
353,704
442,704
508,704
664,704
738,704
1051,704
1102,704
1318,704
1344,704
1482,704
1583,704
1620,704
1683,704
1802,704
1833,704
1888,704
2014,704
78,705
138,705
192,705
244,705
353,705
442,705
508,705
541,705
594,705
664,705
737,705
1051,705
1101,705
1318,705
1346,705
1482,705
1583,705
1621,705
1683,705
1802,705
1833,705
1888,705
2014,705
78,706
137,706
191,706
244,706
352,706
442,706
508,706
542,706
596,706
665,706
736,706
1050,706
1101,706
1318,706
1346,706
1481,706
1583,706
1622,706
1683,706
1800,706
1831,706
1889,706
2013,706
78,707
137,707
192,707
243,707
351,707
442,707
508,707
544,707
598,707
665,707
736,707
1050,707
1100,707
1317,707
1347,707
1480,707
1583,707
1622,707
1683,707
1799,707
1831,707
1890,707
2013,707
135,708
192,708
243,708
351,708
443,708
509,708
544,708
598,708
735,708
784,708
1050,708
1101,708
1316,708
1348,708
1480,708
1583,708
1623,708
1682,708
1798,708
1832,708
1890,708
2013,708
135,709
190,709
236,709
243,709
351,709
410,709
444,709
508,709
545,709
598,709
734,709
784,709
1049,709
1101,709
1270,709
1315,709
1348,709
1480,709
1583,709
1624,709
1682,709
1798,709
1833,709
1857,709
1891,709
2013,709
134,710
235,710
351,710
412,710
545,710
599,710
734,710
783,710
1048,710
1100,710
1131,710
1273,710
1315,710
1349,710
1480,710
1582,710
1624,710
1797,710
1833,710
1857,710
1891,710
2013,710
134,711
226,711
235,711
351,711
390,711
413,711
446,711
546,711
600,711
733,711
782,711
925,711
1100,711
1133,711
1274,711
1314,711
1350,711
1479,711
1582,711
1625,711
1798,711
1833,711
1859,711
1892,711
2012,711
82,712
116,712
126,712
134,712
189,712
227,712
350,712
389,712
413,712
446,712
546,712
601,712
663,712
733,712
782,712
925,712
948,712
1100,712
1135,712
1251,712
1273,712
1314,712
1350,712
1478,712
1583,712
1625,712
1720,712
1725,712
1797,712
1837,712
1858,712
1892,712
2011,712
116,713
125,713
132,713
226,713
350,713
389,713
413,713
509,713
547,713
601,713
733,713
782,713
925,713
950,713
1100,713
1135,713
1250,713
1273,713
1314,713
1351,713
1478,713
1582,713
1626,713
1724,713
1797,713
1836,713
1857,713
1894,713
1997,713
2014,713
117,714
183,714
225,714
349,714
389,714
410,714
547,714
602,714
726,714
733,714
781,714
923,714
950,714
1041,714
1100,714
1135,714
1250,714
1272,714
1314,714
1352,714
1478,714
1582,714
1627,714
1724,714
1796,714
1836,714
1859,714
2000,714
2016,714
82,715
115,715
182,715
224,715
389,715
410,715
547,715
603,715
660,715
724,715
731,715
759,715
780,715
923,715
952,715
1034,715
1039,715
1099,715
1136,715
1251,715
1272,715
1313,715
1351,715
1360,715
1368,715
1478,715
1582,715
1626,715
1724,715
1795,715
1836,715
1860,715
1899,715
1935,715
1998,715
83,716
115,716
181,716
224,716
346,716
387,716
411,716
450,716
550,716
601,716
609,716
659,716
715,716
724,716
759,716
776,716
923,716
938,716
951,716
1034,716
1039,716
1137,716
1248,716
1272,716
1313,716
1353,716
1361,716
1369,716
1478,716
1627,716
1725,716
1795,716
1837,716
1861,716
1907,716
1937,716
1997,716
83,717
114,717
181,717
224,717
345,717
387,717
411,717
450,717
510,717
555,717
610,717
617,717
659,717
716,717
758,717
769,717
779,717
938,717
1033,717
1138,717
1248,717
1271,717
1312,717
1359,717
1368,717
1424,717
1478,717
1627,717
1679,717
1726,717
1791,717
1796,717
1862,717
1906,717
1937,717
1996,717
83,718
113,718
180,718
223,718
345,718
387,718
409,718
450,718
510,718
557,718
563,718
616,718
659,718
715,718
759,718
778,718
924,718
953,718
1033,718
1139,718
1156,718
1248,718
1271,718
1313,718
1370,718
1403,718
1425,718
1477,718
1627,718
1679,718
1727,718
1789,718
1862,718
1908,718
1938,718
1996,718
83,719
113,719
181,719
222,719
345,719
389,719
451,719
510,719
561,719
617,719
659,719
715,719
757,719
925,719
953,719
1035,719
1138,719
1147,719
1157,719
1249,719
1370,719
1402,719
1425,719
1475,719
1628,719
1678,719
1727,719
1862,719
1908,719
1938,719
1995,719
83,720
112,720
180,720
221,720
343,720
451,720
511,720
563,720
617,720
659,720
714,720
757,720
926,720
953,720
1035,720
1139,720
1156,720
1250,720
1371,720
1402,720
1425,720
1631,720
1679,720
1728,720
1749,720
1861,720
1909,720
1939,720
1994,720
83,721
110,721
115,721
180,721
220,721
339,721
451,721
510,721
563,721
618,721
658,721
713,721
756,721
925,721
951,721
1034,721
1158,721
1306,721
1371,721
1402,721
1423,721
1473,721
1580,721
1632,721
1679,721
1731,721
1749,721
1909,721
1940,721
1993,721
84,722
180,722
220,722
339,722
451,722
510,722
564,722
619,722
658,722
713,722
756,722
928,722
952,722
1033,722
1093,722
1159,722
1372,722
1402,722
1424,722
1473,722
1679,722
1730,722
1746,722
1783,722
1909,722
1941,722
1992,722
84,723
179,723
218,723
340,723
451,723
510,723
564,723
619,723
658,723
712,723
755,723
951,723
1033,723
1093,723
1160,723
1300,723
1372,723
1400,723
1424,723
1678,723
1729,723
1748,723
1782,723
1910,723
1942,723
1957,723
1992,723
84,724
178,724
218,724
339,724
451,724
509,724
564,724
620,724
658,724
712,724
755,724
1032,724
1092,724
1160,724
1301,724
1373,724
1400,724
1423,724
1581,724
1678,724
1749,724
1782,724
1911,724
1941,724
1949,724
1959,724
1990,724
84,725
177,725
339,725
452,725
511,725
565,725
620,725
657,725
710,725
754,725
1032,725
1092,725
1161,725
1301,725
1374,725
1400,725
1422,725
1468,725
1580,725
1638,725
1678,725
1751,725
1782,725
1911,725
1942,725
1958,725
1988,725
84,726
178,726
338,726
452,726
511,726
566,726
622,726
657,726
710,726
755,726
1031,726
1093,726
1162,726
1301,726
1375,726
1401,726
1469,726
1580,726
1639,726
1678,726
1751,726
1782,726
1912,726
1959,726
85,727
176,727
338,727
453,727
511,727
562,727
569,727
623,727
656,727
708,727
1029,727
1093,727
1163,727
1300,727
1376,727
1403,727
1469,727
1580,727
1639,727
1678,727
1752,727
1781,727
1913,727
1960,727
85,728
338,728
453,728
511,728
568,728
625,728
656,728
709,728
1029,728
1092,728
1162,728
1300,728
1378,728
1469,728
1580,728
1639,728
1677,728
1752,728
1780,728
1914,728
1960,728
86,729
337,729
453,729
511,729
569,729
656,729
1027,729
1092,729
1299,729
1469,729
1580,729
1640,729
1677,729
1753,729
1780,729
1916,729
1961,729
86,730
337,730
455,730
511,730
571,730
656,730
1091,730
1299,730
1468,730
1581,730
1641,730
1676,730
1753,730
1780,730
1962,730
86,731
337,731
455,731
512,731
656,731
1092,731
1299,731
1468,731
1581,731
1641,731
1676,731
1752,731
1757,731
1779,731
1963,731
87,732
336,732
455,732
1092,732
1299,732
1467,732
1580,732
1641,732
1676,732
1778,732
1963,732
87,733
335,733
456,733
1091,733
1298,733
1467,733
1580,733
1641,733
1777,733
1964,733
88,734
335,734
1090,734
1297,734
1467,734
1579,734
1641,734
1776,734
335,735
1090,735
1296,735
1467,735
1579,735
1642,735
1775,735
334,736
1089,736
1295,736
1466,736
1580,736
1643,736
1775,736
333,737
1089,737
1295,737
1465,737
1579,737
1644,737
333,738
1089,738
1294,738
1464,738
1579,738
1644,738
1089,739
1464,739
1579,739
1645,739
1464,740
1579,740
1645,740
1463,741
1579,741
1647,741
775,875
1030,875
774,876
1030,876
773,877
1031,877
1577,877
1728,877
773,878
929,878
1030,878
1576,878
1730,878
772,879
929,879
1031,879
1576,879
1730,879
171,880
620,880
771,880
929,880
1032,880
1576,880
1731,880
172,881
431,881
619,881
771,881
929,881
1033,881
1575,881
1731,881
173,882
433,882
619,882
771,882
928,882
1033,882
1185,882
1575,882
1731,882
172,883
272,883
434,883
618,883
771,883
928,883
1033,883
1185,883
1574,883
1732,883
173,884
274,884
435,884
618,884
770,884
928,884
1033,884
1186,884
1574,884
1628,884
1733,884
173,885
227,885
274,885
435,885
617,885
770,885
928,885
973,885
1034,885
1188,885
1234,885
1574,885
1627,885
1733,885
173,886
228,886
275,886
437,886
572,886
616,886
770,886
928,886
974,886
1034,886
1188,886
1236,886
1367,886
1423,886
1574,886
1628,886
1733,886
175,887
228,887
275,887
436,887
572,887
615,887
676,887
770,887
927,887
975,887
1035,887
1189,887
1238,887
1367,887
1424,887
1573,887
1628,887
1733,887
175,888
229,888
275,888
438,888
571,888
616,888
675,888
769,888
927,888
976,888
1035,888
1189,888
1239,888
1366,888
1423,888
1573,888
1628,888
1661,888
1734,888
175,889
230,889
276,889
382,889
438,889
571,889
616,889
674,889
769,889
927,889
977,889
1035,889
1190,889
1240,889
1365,889
1422,889
1573,889
1629,889
1663,889
1735,889
2022,889
175,890
230,890
277,890
330,890
384,890
438,890
569,890
615,890
673,890
769,890
927,890
977,890
1035,890
1190,890
1240,890
1322,890
1364,890
1421,890
1572,890
1628,890
1665,890
1734,890
2022,890
175,891
231,891
277,891
330,891
385,891
440,891
569,891
614,891
672,891
768,891
927,891
978,891
1035,891
1191,891
1241,891
1322,891
1364,891
1420,891
1572,891
1628,891
1666,891
1735,891
2020,891
175,892
231,892
277,892
330,892
386,892
438,892
550,892
567,892
614,892
671,892
769,892
927,892
980,892
1036,892
1157,892
1191,892
1242,892
1320,892
1364,892
1420,892
1573,892
1629,892
1666,892
1734,892
2021,892
176,893
232,893
277,893
330,893
386,893
439,893
550,893
566,893
613,893
670,893
832,893
927,893
980,893
1159,893
1191,893
1243,893
1319,893
1364,893
1420,893
1573,893
1629,893
1667,893
1734,893
1963,893
2019,893
176,894
232,894
278,894
331,894
387,894
440,894
550,894
567,894
614,894
669,894
810,894
834,894
927,894
980,894
1103,894
1110,894
1159,894
1191,894
1243,894
1318,894
1363,894
1419,894
1572,894
1629,894
1668,894
1862,894
1883,894
1963,894
2018,894
177,895
232,895
278,895
331,895
354,895
387,895
408,895
445,895
549,895
568,895
614,895
669,895
765,895
808,895
835,895
927,895
980,895
1107,895
1158,895
1191,895
1243,895
1317,895
1363,895
1418,895
1571,895
1629,895
1669,895
1860,895
1885,895
1963,895
2017,895
233,896
279,896
333,896
355,896
390,896
408,896
445,896
549,896
613,896
669,896
765,896
808,896
835,896
927,896
981,896
1039,896
1107,896
1158,896
1192,896
1244,896
1317,896
1362,896
1418,896
1629,896
1669,896
1860,896
1886,896
1942,896
1962,896
2016,896
179,897
233,897
279,897
337,897
355,897
388,897
406,897
446,897
508,897
547,897
613,897
669,897
764,897
807,897
836,897
981,897
1107,897
1133,897
1156,897
1191,897
1246,897
1317,897
1362,897
1418,897
1629,897
1669,897
1738,897
1858,897
1887,897
1942,897
1961,897
2016,897
181,898
233,898
334,898
353,898
389,898
410,898
452,898
511,898
546,898
668,898
763,898
807,898
821,898
835,898
982,898
1106,898
1134,898
1155,898
1247,898
1316,898
1362,898
1418,898
1460,898
1568,898
1630,898
1669,898
1857,898
1888,898
1941,898
1959,898
2016,898
235,899
283,899
334,899
357,899
389,899
410,899
451,899
485,899
511,899
546,899
667,899
763,899
810,899
836,899
982,899
1043,899
1105,899
1133,899
1144,899
1156,899
1252,899
1315,899
1362,899
1418,899
1458,899
1482,899
1568,899
1629,899
1670,899
1778,899
1856,899
1889,899
1943,899
1961,899
2016,899
284,900
334,900
357,900
411,900
452,900
487,900
512,900
546,900
608,900
667,900
761,900
808,900
836,900
983,900
1043,900
1104,900
1135,900
1156,900
1197,900
1253,900
1260,900
1314,900
1362,900
1417,900
1458,900
1482,900
1629,900
1676,900
1742,900
1776,900
1856,900
1889,900
1940,900
1960,900
2016,900
181,901
358,901
407,901
416,901
452,901
487,901
512,901
661,901
760,901
807,901
834,901
925,901
983,901
1044,901
1103,901
1132,901
1155,901
1199,901
1260,901
1314,901
1361,901
1457,901
1483,901
1629,901
1676,901
1743,901
1776,901
1855,901
1890,901
1939,901
1961,901
2015,901
183,902
240,902
358,902
407,902
413,902
418,902
453,902
486,902
512,902
609,902
661,902
760,902
808,902
834,902
989,902
1044,902
1082,902
1102,902
1132,902
1156,902
1201,902
1261,902
1314,902
1361,902
1457,902
1484,902
1629,902
1677,902
1683,902
1743,902
1777,902
1799,902
1855,902
1890,902
1938,902
2014,902
183,903
288,903
359,903
410,903
418,903
454,903
474,903
501,903
656,903
760,903
809,903
833,903
989,903
1045,903
1083,903
1092,903
1103,903
1131,903
1203,903
1262,903
1315,903
1360,903
1458,903
1484,903
1565,903
1682,903
1744,903
1778,903
1799,903
1854,903
1891,903
1938,903
2009,903
2014,903
183,904
244,904
288,904
359,904
410,904
416,904
454,904
475,904
489,904
511,904
654,904
760,904
808,904
834,904
991,904
1045,904
1083,904
1093,904
1103,904
1130,904
1203,904
1262,904
1307,904
1471,904
1565,904
1683,904
1743,904
1780,904
1799,904
1853,904
1893,904
1939,904
2006,904
183,905
245,905
288,905
357,905
408,905
412,905
454,905
474,905
486,905
511,905
603,905
653,905
760,905
924,905
995,905
1045,905
1082,905
1130,905
1204,905
1263,905
1305,905
1410,905
1458,905
1485,905
1566,905
1684,905
1744,905
1780,905
1798,905
1851,905
1892,905
1941,905
2006,905
183,906
245,906
289,906
454,906
474,906
486,906
510,906
604,906
653,906
760,906
924,906
996,906
1045,906
1081,906
1131,906
1204,906
1263,906
1299,906
1304,906
1407,906
1459,906
1485,906
1565,906
1685,906
1744,906
1779,906
1800,906
1835,906
1852,906
1898,906
1905,906
2001,906
183,907
245,907
289,907
455,907
485,907
509,907
603,907
653,907
759,907
923,907
997,907
1045,907
1081,907
1134,907
1204,907
1264,907
1299,907
1356,907
1407,907
1460,907
1485,907
1565,907
1629,907
1685,907
1744,907
1780,907
1802,907
1836,907
1842,907
1904,907
2001,907
183,908
245,908
289,908
456,908
484,908
603,908
652,908
759,908
924,908
997,908
1046,908
1080,908
1205,908
1265,908
1298,908
1406,908
1460,908
1485,908
1564,908
1685,908
1744,908
1802,908
1837,908
1906,908
2000,908
183,909
245,909
289,909
458,909
485,909
603,909
652,909
758,909
924,909
997,909
1046,909
1079,909
1205,909
1265,909
1298,909
1406,909
1483,909
1565,909
1686,909
1745,909
1802,909
1836,909
1907,909
1999,909
2049,909
184,910
246,910
289,910
458,910
603,910
652,910
758,910
923,910
997,910
1047,910
1078,910
1205,910
1266,910
1298,910
1406,910
1486,910
1565,910
1686,910
1745,910
1801,910
1835,910
1907,910
1999,910
2049,910
185,911
246,911
291,911
459,911
602,911
651,911
758,911
923,911
998,911
1047,911
1077,911
1206,911
1266,911
1297,911
1353,911
1406,911
1564,911
1631,911
1687,911
1746,911
1802,911
1834,911
1908,911
1999,911
2048,911
185,912
246,912
291,912
461,912
602,912
650,912
757,912
923,912
998,912
1047,912
1080,912
1207,912
1268,912
1296,912
1353,912
1405,912
1564,912
1631,912
1688,912
1747,912
1834,912
1908,912
1998,912
2047,912
185,913
247,913
292,913
601,913
648,913
757,913
923,913
1000,913
1048,913
1207,913
1270,913
1296,913
1352,913
1405,913
1563,913
1631,913
1689,913
1747,913
1833,913
1909,913
1998,913
2047,913
186,914
247,914
292,914
601,914
648,914
756,914
923,914
1000,914
1050,914
1208,914
1295,914
1352,914
1404,914
1563,914
1631,914
1691,914
1747,914
1832,914
1910,914
1997,914
2047,914
187,915
249,915
293,915
601,915
646,915
756,915
923,915
1000,915
1050,915
1208,915
1294,915
1351,915
1403,915
1563,915
1632,915
1747,915
1832,915
1911,915
1996,915
2047,915
188,916
250,916
294,916
600,916
755,916
923,916
1001,916
1209,916
1294,916
1352,916
1402,916
1563,916
1631,916
1831,916
1912,916
1995,916
2046,916
250,917
295,917
600,917
755,917
922,917
1002,917
1210,917
1292,917
1352,917
1402,917
1562,917
1631,917
1830,917
1913,917
1994,917
2046,917
251,918
599,918
922,918
1004,918
1211,918
1292,918
1351,918
1401,918
1562,918
1631,918
1829,918
1994,918
2045,918
599,919
922,919
1005,919
1290,919
1351,919
1400,919
1561,919
1631,919
1991,919
2045,919
599,920
922,920
1005,920
1350,920
1560,920
1631,920
1992,920
2044,920
598,921
922,921
1350,921
1561,921
1632,921
597,922
921,922
1350,922
1560,922
1632,922
921,923
1350,923
1632,923
921,924
1349,924
1632,924
1348,925
1631,925
1347,926
1631,926
1347,927
1632,927
1346,928
1632,928
417,929
1631,929
220,1057
220,1058
220,1059
220,1060
321,1060
221,1061
321,1061
221,1062
321,1062
1456,1062
221,1063
321,1063
1457,1063
222,1064
322,1064
1353,1064
1457,1064
222,1065
323,1065
965,1065
1353,1065
1457,1065
221,1066
294,1066
322,1066
367,1066
559,1066
966,1066
1353,1066
1456,1066
222,1067
291,1067
323,1067
367,1067
559,1067
793,1067
966,1067
1352,1067
1408,1067
1457,1067
1626,1067
223,1068
291,1068
323,1068
368,1068
558,1068
794,1068
881,1068
966,1068
1044,1068
1352,1068
1408,1068
1457,1068
1625,1068
223,1069
288,1069
323,1069
368,1069
557,1069
796,1069
881,1069
967,1069
1044,1069
1228,1069
1351,1069
1407,1069
1457,1069
1625,1069
222,1070
287,1070
324,1070
369,1070
556,1070
797,1070
879,1070
967,1070
1044,1070
1089,1070
1230,1070
1351,1070
1407,1070
1457,1070
1574,1070
1625,1070
1825,1070
223,1071
286,1071
324,1071
370,1071
555,1071
798,1071
878,1071
968,1071
1042,1071
1089,1071
1233,1071
1284,1071
1351,1071
1407,1071
1457,1071
1573,1071
1625,1071
1786,1071
1826,1071
223,1072
285,1072
324,1072
371,1072
554,1072
799,1072
878,1072
969,1072
1041,1072
1088,1072
1233,1072
1286,1072
1351,1072
1406,1072
1457,1072
1573,1072
1625,1072
1786,1072
1826,1072
224,1073
285,1073
324,1073
371,1073
554,1073
799,1073
877,1073
969,1073
1041,1073
1087,1073
1234,1073
1287,1073
1351,1073
1407,1073
1456,1073
1573,1073
1625,1073
1785,1073
1826,1073
224,1074
286,1074
324,1074
371,1074
553,1074
800,1074
877,1074
969,1074
1040,1074
1087,1074
1234,1074
1287,1074
1350,1074
1406,1074
1457,1074
1572,1074
1624,1074
1785,1074
1826,1074
223,1075
285,1075
324,1075
371,1075
553,1075
694,1075
801,1075
876,1075
969,1075
1039,1075
1086,1075
1235,1075
1288,1075
1350,1075
1406,1075
1457,1075
1572,1075
1624,1075
1785,1075
1826,1075
284,1076
325,1076
371,1076
552,1076
664,1076
693,1076
801,1076
876,1076
969,1076
1039,1076
1085,1076
1207,1076
1236,1076
1288,1076
1349,1076
1405,1076
1457,1076
1501,1076
1526,1076
1573,1076
1624,1076
1705,1076
1785,1076
1826,1076
1955,1076
283,1077
325,1077
372,1077
552,1077
664,1077
694,1077
801,1077
875,1077
970,1077
1039,1077
1084,1077
1204,1077
1237,1077
1290,1077
1350,1077
1405,1077
1457,1077
1501,1077
1524,1077
1572,1077
1625,1077
1706,1077
1784,1077
1827,1077
1953,1077
283,1078
325,1078
373,1078
422,1078
426,1078
552,1078
661,1078
695,1078
801,1078
874,1078
934,1078
970,1078
1038,1078
1084,1078
1205,1078
1237,1078
1290,1078
1350,1078
1405,1078
1457,1078
1500,1078
1526,1078
1572,1078
1624,1078
1707,1078
1783,1078
1826,1078
1952,1078
186,1079
190,1079
227,1079
282,1079
325,1079
373,1079
425,1079
552,1079
661,1079
695,1079
801,1079
874,1079
935,1079
970,1079
1038,1079
1084,1079
1203,1079
1239,1079
1290,1079
1349,1079
1405,1079
1457,1079
1499,1079
1527,1079
1572,1079
1624,1079
1708,1079
1783,1079
1826,1079
1951,1079
186,1080
277,1080
284,1080
326,1080
373,1080
426,1080
552,1080
660,1080
696,1080
715,1080
803,1080
809,1080
875,1080
936,1080
970,1080
1037,1080
1084,1080
1203,1080
1237,1080
1244,1080
1290,1080
1349,1080
1405,1080
1458,1080
1499,1080
1525,1080
1571,1080
1624,1080
1660,1080
1683,1080
1709,1080
1783,1080
1826,1080
1866,1080
1949,1080
186,1081
372,1081
426,1081
551,1081
577,1081
583,1081
660,1081
697,1081
717,1081
810,1081
874,1081
935,1081
972,1081
1037,1081
1083,1081
1202,1081
1253,1081
1290,1081
1349,1081
1405,1081
1457,1081
1513,1081
1571,1081
1624,1081
1662,1081
1684,1081
1709,1081
1783,1081
1826,1081
1866,1081
1949,1081
186,1082
427,1082
550,1082
582,1082
660,1082
696,1082
707,1082
717,1082
811,1082
816,1082
873,1082
911,1082
935,1082
1033,1082
1039,1082
1083,1082
1201,1082
1252,1082
1290,1082
1404,1082
1499,1082
1527,1082
1572,1082
1624,1082
1660,1082
1685,1082
1710,1082
1783,1082
1827,1082
1865,1082
1948,1082
186,1083
270,1083
379,1083
428,1083
582,1083
659,1083
697,1083
717,1083
816,1083
910,1083
934,1083
1081,1083
1201,1083
1253,1083
1292,1083
1403,1083
1500,1083
1527,1083
1572,1083
1624,1083
1660,1083
1685,1083
1710,1083
1782,1083
1827,1083
1865,1083
1948,1083
185,1084
230,1084
269,1084
379,1084
429,1084
545,1084
582,1084
658,1084
698,1084
719,1084
817,1084
868,1084
910,1084
931,1084
1078,1084
1199,1084
1253,1084
1292,1084
1501,1084
1527,1084
1571,1084
1623,1084
1672,1084
1711,1084
1782,1084
1827,1084
1867,1084
1891,1084
1947,1084
163,1085
183,1085
230,1085
268,1085
430,1085
446,1085
545,1085
582,1085
601,1085
657,1085
719,1085
818,1085
912,1085
932,1085
1199,1085
1253,1085
1295,1085
1501,1085
1525,1085
1571,1085
1660,1085
1674,1085
1686,1085
1712,1085
1782,1085
1827,1085
1867,1085
1891,1085
1947,1085
164,1086
181,1086
229,1086
267,1086
329,1086
382,1086
433,1086
447,1086
583,1086
603,1086
657,1086
720,1086
818,1086
867,1086
910,1086
932,1086
1029,1086
1179,1086
1190,1086
1199,1086
1255,1086
1296,1086
1457,1086
1502,1086
1527,1086
1570,1086
1660,1086
1685,1086
1712,1086
1720,1086
1731,1086
1782,1086
1827,1086
1870,1086
1891,1086
1946,1086
166,1087
183,1087
229,1087
267,1087
384,1087
429,1087
439,1087
448,1087
540,1087
585,1087
605,1087
652,1087
658,1087
720,1087
818,1087
864,1087
908,1087
933,1087
978,1087
1025,1087
1180,1087
1188,1087
1199,1087
1256,1087
1570,1087
1660,1087
1685,1087
1713,1087
1722,1087
1731,1087
1869,1087
1890,1087
1941,1087
164,1088
183,1088
229,1088
267,1088
331,1088
384,1088
429,1088
449,1088
539,1088
585,1088
604,1088
721,1088
819,1088
862,1088
907,1088
932,1088
979,1088
1024,1088
1072,1088
1180,1088
1256,1088
1661,1088
1684,1088
1730,1088
1869,1088
1893,1088
1937,1088
162,1089
182,1089
230,1089
266,1089
331,1089
384,1089
450,1089
539,1089
584,1089
606,1089
721,1089
819,1089
862,1089
907,1089
979,1089
1025,1089
1070,1089
1179,1089
1256,1089
1302,1089
1343,1089
1661,1089
1684,1089
1730,1089
1869,1089
1894,1089
1927,1089
162,1090
230,1090
265,1090
331,1090
384,1090
450,1090
538,1090
585,1090
606,1090
645,1090
718,1090
723,1090
821,1090
862,1090
907,1090
979,1090
1024,1090
1071,1090
1178,1090
1257,1090
1302,1090
1344,1090
1663,1090
1732,1090
1870,1090
1894,1090
1926,1090
161,1091
230,1091
265,1091
331,1091
384,1091
450,1091
538,1091
607,1091
644,1091
821,1091
862,1091
907,1091
979,1091
1024,1091
1071,1091
1177,1091
1258,1091
1302,1091
1343,1091
1400,1091
1458,1091
1733,1091
1894,1091
160,1092
230,1092
264,1092
331,1092
384,1092
451,1092
538,1092
608,1092
643,1092
821,1092
862,1092
907,1092
979,1092
1023,1092
1070,1092
1177,1092
1260,1092
1302,1092
1343,1092
1400,1092
1458,1092
1620,1092
1733,1092
1894,1092
160,1093
230,1093
264,1093
332,1093
385,1093
451,1093
537,1093
607,1093
643,1093
823,1093
861,1093
908,1093
980,1093
1022,1093
1070,1093
1177,1093
1303,1093
1342,1093
1399,1093
1458,1093
1621,1093
1734,1093
1776,1093
1894,1093
160,1094
230,1094
262,1094
332,1094
386,1094
453,1094
537,1094
606,1094
638,1094
645,1094
824,1094
861,1094
980,1094
1022,1094
1069,1094
1176,1094
1303,1094
1342,1094
1399,1094
1458,1094
1620,1094
1734,1094
1775,1094
1894,1094
160,1095
231,1095
262,1095
332,1095
386,1095
453,1095
536,1095
638,1095
644,1095
827,1095
860,1095
981,1095
1021,1095
1069,1095
1175,1095
1304,1095
1342,1095
1399,1095
1457,1095
1567,1095
1621,1095
1735,1095
1774,1095
1828,1095
232,1096
332,1096
387,1096
536,1096
641,1096
859,1096
981,1096
1021,1096
1068,1096
1174,1096
1304,1096
1342,1096
1399,1096
1457,1096
1567,1096
1621,1096
1736,1096
1774,1096
1828,1096
232,1097
332,1097
387,1097
535,1097
640,1097
859,1097
981,1097
1020,1097
1068,1097
1173,1097
1304,1097
1342,1097
1399,1097
1458,1097
1567,1097
1621,1097
1737,1097
1774,1097
1828,1097
232,1098
333,1098
388,1098
535,1098
636,1098
644,1098
858,1098
982,1098
1020,1098
1067,1098
1305,1098
1342,1098
1399,1098
1458,1098
1566,1098
1620,1098
1774,1098
1828,1098
232,1099
333,1099
389,1099
534,1099
637,1099
642,1099
857,1099
982,1099
1018,1099
1066,1099
1306,1099
1341,1099
1398,1099
1458,1099
1567,1099
1620,1099
1774,1099
1828,1099
233,1100
333,1100
391,1100
533,1100
856,1100
983,1100
1017,1100
1064,1100
1307,1100
1341,1100
1398,1100
1458,1100
1567,1100
1620,1100
1774,1100
1829,1100
235,1101
333,1101
391,1101
532,1101
855,1101
984,1101
1064,1101
1308,1101
1341,1101
1397,1101
1458,1101
1567,1101
1620,1101
1774,1101
1828,1101
333,1102
530,1102
1308,1102
1341,1102
1397,1102
1458,1102
1567,1102
1620,1102
1773,1102
1828,1102
335,1103
1340,1103
1397,1103
1458,1103
1566,1103
1620,1103
1773,1103
1828,1103
335,1104
1340,1104
1397,1104
1458,1104
1566,1104
1619,1104
1772,1104
1828,1104
336,1105
1339,1105
1396,1105
1458,1105
1566,1105
1619,1105
1772,1105
1829,1105
336,1106
1338,1106
1458,1106
1566,1106
1619,1106
1771,1106
1829,1106
1459,1107
1565,1107
1619,1107
1771,1107
1828,1107
1458,1108
1565,1108
1618,1108
1769,1108
1458,1109
1565,1109
1618,1109
1457,1110
1564,1110
1618,1110
451,1132
467,1132
451,1133
457,1135
457,1136
268,1242
267,1243
581,1243
267,1244
581,1244
760,1244
267,1245
582,1245
760,1245
267,1246
581,1246
760,1246
267,1247
581,1247
759,1247
267,1248
325,1248
582,1248
758,1248
267,1249
324,1249
582,1249
639,1249
757,1249
955,1249
267,1250
323,1250
582,1250
639,1250
757,1250
955,1250
267,1251
322,1251
582,1251
639,1251
757,1251
957,1251
235,1252
266,1252
322,1252
582,1252
639,1252
756,1252
956,1252
233,1253
267,1253
321,1253
582,1253
639,1253
756,1253
783,1253
903,1253
957,1253
232,1254
267,1254
320,1254
583,1254
638,1254
755,1254
785,1254
835,1254
903,1254
957,1254
230,1255
267,1255
320,1255
583,1255
638,1255
755,1255
785,1255
837,1255
905,1255
957,1255
230,1256
266,1256
320,1256
583,1256
638,1256
709,1256
755,1256
786,1256
838,1256
905,1256
958,1256
229,1257
267,1257
320,1257
583,1257
638,1257
706,1257
755,1257
786,1257
839,1257
906,1257
959,1257
228,1258
266,1258
319,1258
583,1258
638,1258
706,1258
755,1258
787,1258
840,1258
905,1258
959,1258
227,1259
267,1259
319,1259
356,1259
583,1259
638,1259
704,1259
754,1259
788,1259
841,1259
906,1259
959,1259
227,1260
267,1260
319,1260
354,1260
583,1260
637,1260
704,1260
754,1260
789,1260
842,1260
907,1260
959,1260
227,1261
319,1261
353,1261
377,1261
584,1261
637,1261
703,1261
790,1261
842,1261
907,1261
957,1261
226,1262
318,1262
353,1262
379,1262
583,1262
638,1262
703,1262
790,1262
843,1262
908,1262
224,1263
319,1263
354,1263
379,1263
638,1263
702,1263
750,1263
790,1263
843,1263
908,1263
208,1264
218,1264
225,1264
318,1264
355,1264
378,1264
472,1264
637,1264
700,1264
750,1264
790,1264
843,1264
908,1264
208,1265
215,1265
227,1265
268,1265
317,1265
354,1265
366,1265
380,1265
471,1265
490,1265
637,1265
684,1265
693,1265
702,1265
791,1265
844,1265
908,1265
209,1266
318,1266
354,1266
381,1266
471,1266
493,1266
637,1266
683,1266
691,1266
701,1266
791,1266
844,1266
909,1266
207,1267
354,1267
381,1267
470,1267
495,1267
637,1267
684,1267
791,1267
845,1267
909,1267
207,1268
356,1268
380,1268
471,1268
493,1268
683,1268
745,1268
791,1268
846,1268
909,1268
206,1269
314,1269
356,1269
379,1269
472,1269
494,1269
683,1269
746,1269
791,1269
851,1269
909,1269
206,1270
267,1270
314,1270
379,1270
471,1270
495,1270
681,1270
745,1270
851,1270
907,1270
169,1271
205,1271
267,1271
314,1271
472,1271
494,1271
587,1271
681,1271
745,1271
798,1271
853,1271
170,1272
204,1272
268,1272
472,1272
493,1272
587,1272
680,1272
744,1272
798,1272
859,1272
171,1273
204,1273
267,1273
312,1273
472,1273
493,1273
587,1273
679,1273
744,1273
859,1273
172,1274
202,1274
267,1274
311,1274
586,1274
678,1274
744,1274
801,1274
859,1274
172,1275
201,1275
266,1275
310,1275
587,1275
635,1275
677,1275
682,1275
744,1275
803,1275
859,1275
173,1276
201,1276
267,1276
310,1276
586,1276
635,1276
743,1276
804,1276
860,1276
173,1277
267,1277
310,1277
587,1277
634,1277
743,1277
804,1277
861,1277
174,1278
267,1278
310,1278
587,1278
635,1278
742,1278
804,1278
859,1278
175,1279
267,1279
310,1279
587,1279
635,1279
742,1279
804,1279
856,1279
175,1280
267,1280
309,1280
587,1280
635,1280
742,1280
804,1280
176,1281
266,1281
309,1281
587,1281
634,1281
742,1281
805,1281
176,1282
267,1282
308,1282
587,1282
634,1282
740,1282
806,1282
267,1283
308,1283
588,1283
634,1283
740,1283
806,1283
267,1284
308,1284
588,1284
634,1284
740,1284
807,1284
267,1285
308,1285
588,1285
634,1285
807,1285
267,1286
307,1286
588,1286
634,1286
808,1286
267,1287
307,1287
588,1287
634,1287
808,1287
268,1288
306,1288
589,1288
634,1288
305,1289
589,1289
633,1289
306,1290
633,1290
305,1291
633,1291
633,1292
