2080*1398
1754,104
1839,104
1753,105
1840,105
1533,106
1752,106
1840,106
1384,107
1532,107
1752,107
1841,107
1382,108
1531,108
1751,108
1842,108
1381,109
1493,109
1531,109
1751,109
1842,109
1896,109
1317,110
1380,110
1492,110
1530,110
1751,110
1842,110
1897,110
1316,111
1378,111
1491,111
1530,111
1626,111
1750,111
1842,111
1898,111
1316,112
1378,112
1491,112
1530,112
1627,112
1749,112
1842,112
1898,112
1316,113
1377,113
1490,113
1530,113
1628,113
1749,113
1843,113
1898,113
1316,114
1377,114
1489,114
1529,114
1629,114
1748,114
1843,114
1899,114
1316,115
1377,115
1489,115
1529,115
1630,115
1702,115
1748,115
1843,115
1900,115
1315,116
1376,116
1488,116
1528,116
1631,116
1703,116
1748,116
1843,116
1900,116
1315,117
1376,117
1433,117
1468,117
1487,117
1528,117
1631,117
1679,117
1703,117
1748,117
1843,117
1900,117
1315,118
1375,118
1431,118
1468,118
1485,118
1528,118
1631,118
1677,118
1704,118
1747,118
1843,118
1900,118
1271,119
1314,119
1373,119
1430,119
1468,119
1477,119
1487,119
1528,119
1632,119
1678,119
1705,119
1747,119
1814,119
1844,119
1901,119
1270,120
1315,120
1369,120
1430,120
1469,120
1486,120
1527,120
1632,120
1676,120
1704,120
1746,120
1813,120
1844,120
1902,120
1208,121
1270,121
1315,121
1368,121
1429,121
1467,121
1526,121
1633,121
1676,121
1701,121
1812,121
1844,121
1902,121
1270,122
1314,122
1361,122
1367,122
1429,122
1467,122
1632,122
1689,122
1812,122
1902,122
1270,123
1314,123
1363,123
1428,123
1467,123
1633,123
1677,123
1703,123
1811,123
1901,123
1248,124
1269,124
1314,124
1361,124
1427,124
1466,124
1633,124
1675,124
1702,124
1810,124
1845,124
1902,124
1248,125
1267,125
1313,125
1361,125
1427,125
1464,125
1633,125
1675,125
1702,125
1809,125
1902,125
1248,126
1266,126
1360,126
1426,126
1463,126
1674,126
1809,126
1903,126
1204,127
1249,127
1267,127
1360,127
1426,127
1461,127
1520,127
1637,127
1676,127
1737,127
1809,127
1202,128
1249,128
1265,128
1359,128
1425,128
1520,128
1676,128
1737,128
1808,128
1843,128
1202,129
1246,129
1358,129
1520,129
1737,129
1805,129
1847,129
1201,130
1245,130
1358,130
1520,130
1637,130
1737,130
1793,130
1809,130
1849,130
1904,130
1151,131
1201,131
1244,131
1356,131
1410,131
1417,131
1520,131
1635,131
1643,131
1736,131
1792,131
1799,131
1849,131
1905,131
1148,132
1201,132
1244,132
1356,132
1412,132
1520,132
1643,132
1736,132
1794,132
1849,132
1147,133
1201,133
1244,133
1309,133
1355,133
1412,133
1519,133
1643,133
1736,133
1793,133
1849,133
1910,133
1148,134
1201,134
1308,134
1353,134
1411,134
1519,134
1644,134
1736,134
1791,134
1849,134
1909,134
1147,135
1201,135
1308,135
1409,135
1519,135
1643,135
1736,135
1791,135
1850,135
1909,135
1146,136
1200,136
1308,136
1409,136
1519,136
1644,136
1735,136
1791,136
1850,136
1910,136
1146,137
1199,137
1309,137
1408,137
1518,137
1645,137
1734,137
1790,137
1850,137
1910,137
1110,138
1146,138
1199,138
1308,138
1407,138
1517,138
1645,138
1733,138
1789,138
1850,138
1910,138
1107,139
1146,139
1198,139
1308,139
1407,139
1516,139
1645,139
1732,139
1787,139
1850,139
1910,139
1107,140
1146,140
1198,140
1307,140
1407,140
1515,140
1645,140
1732,140
1787,140
1850,140
1910,140
1107,141
1146,141
1198,141
1307,141
1405,141
1515,141
1646,141
1731,141
1784,141
1851,141
1911,141
1108,142
1145,142
1198,142
1307,142
1404,142
1515,142
1647,142
1730,142
1851,142
1912,142
1110,143
1144,143
1197,143
1307,143
1402,143
1647,143
1851,143
1912,143
1110,144
1307,144
1401,144
1648,144
1851,144
1912,144
1306,145
1649,145
1851,145
1912,145
1305,146
1851,146
1913,146
1305,147
1913,147
1304,148
1914,148
1914,149
1914,150
1914,151
540,279
540,280
540,281
539,282
1027,282
315,283
540,283
1027,283
315,284
539,284
604,284
1027,284
1083,284
315,285
541,285
604,285
1027,285
1084,285
315,286
541,286
603,286
1027,286
1083,286
1676,286
288,287
316,287
541,287
602,287
973,287
1027,287
1082,287
1676,287
285,288
316,288
541,288
601,288
973,288
1027,288
1081,288
1675,288
286,289
316,289
426,289
540,289
600,289
972,289
1027,289
1081,289
1675,289
1722,289
1787,289
284,290
317,290
427,290
541,290
599,290
972,290
1027,290
1081,290
1142,290
1675,290
1723,290
1787,290
283,291
317,291
369,291
427,291
542,291
599,291
794,291
971,291
1027,291
1081,291
1142,291
1674,291
1723,291
1787,291
1937,291
282,292
318,292
370,292
428,292
542,292
599,292
794,292
971,292
1027,292
1080,292
1142,292
1674,292
1724,292
1786,292
1827,292
1937,292
282,293
318,293
371,293
428,293
542,293
599,293
796,293
971,293
1027,293
1079,293
1141,293
1673,293
1723,293
1785,293
1827,293
1936,293
281,294
318,294
372,294
429,294
542,294
599,294
691,294
745,294
796,294
928,294
971,294
1027,294
1079,294
1140,294
1384,294
1673,294
1724,294
1784,294
1828,294
1936,294
281,295
318,295
373,295
430,295
541,295
598,295
692,295
747,295
797,295
930,295
971,295
1027,295
1079,295
1140,295
1385,295
1673,295
1724,295
1784,295
1828,295
1936,295
281,296
318,296
373,296
430,296
543,296
598,296
658,296
693,296
746,296
798,296
931,296
970,296
1027,296
1079,296
1140,296
1386,296
1673,296
1724,296
1784,296
1828,296
1936,296
281,297
318,297
374,297
430,297
496,297
598,297
658,297
693,297
746,297
799,297
931,297
970,297
1027,297
1079,297
1139,297
1387,297
1673,297
1725,297
1784,297
1828,297
1935,297
280,298
319,298
374,298
431,298
498,298
597,298
658,298
693,298
745,298
770,298
799,298
931,298
970,298
1027,298
1079,298
1139,298
1388,298
1672,298
1725,298
1784,298
1829,298
1935,298
280,299
319,299
375,299
431,299
499,299
657,299
694,299
746,299
771,299
799,299
905,299
931,299
970,299
1026,299
1078,299
1138,299
1281,299
1389,299
1671,299
1724,299
1783,299
1829,299
1934,299
279,300
319,300
376,300
431,300
499,300
656,300
694,300
746,300
772,300
800,300
905,300
930,300
970,300
1138,300
1281,300
1389,300
1671,300
1724,300
1782,300
1829,300
1934,300
279,301
319,301
376,301
432,301
499,301
655,301
695,301
748,301
762,301
773,301
800,301
905,301
929,301
970,301
1138,301
1282,301
1389,301
1672,301
1724,301
1782,301
1829,301
1934,301
231,302
320,302
376,302
432,302
475,302
499,302
655,302
695,302
748,302
770,302
800,302
905,302
926,302
970,302
1138,302
1283,302
1390,302
1724,302
1782,302
1829,302
1935,302
232,303
274,303
376,303
433,303
474,303
498,303
654,303
696,303
749,303
773,303
801,303
907,303
928,303
969,303
1137,303
1283,303
1391,303
1725,303
1829,303
1934,303
234,304
377,304
432,304
473,304
496,304
591,304
654,304
696,304
749,304
774,304
801,304
874,304
907,304
928,304
1026,304
1137,304
1284,304
1391,304
1488,304
1724,304
1829,304
1934,304
168,305
208,305
234,305
273,305
323,305
377,305
433,305
474,305
494,305
546,305
589,305
652,305
696,305
774,305
802,305
875,305
903,305
927,305
1074,305
1137,305
1166,305
1284,305
1391,305
1488,305
1724,305
1829,305
1933,305
172,306
207,306
233,306
267,306
276,306
323,306
378,306
476,306
495,306
546,306
588,306
651,306
697,306
775,306
874,306
903,306
1074,306
1137,306
1168,306
1285,306
1362,306
1391,306
1487,306
1724,306
1829,306
1897,306
1933,306
172,307
207,307
233,307
267,307
323,307
379,307
472,307
487,307
496,307
547,307
588,307
635,307
644,307
653,307
697,307
775,307
807,307
874,307
902,307
1071,307
1137,307
1166,307
1287,307
1304,307
1364,307
1391,307
1487,307
1666,307
1724,307
1829,307
1896,307
1933,307
172,308
207,308
231,308
266,308
383,308
438,308
471,308
488,308
494,308
547,308
588,308
634,308
642,308
697,308
773,308
808,308
874,308
902,308
1027,308
1071,308
1166,308
1287,308
1294,308
1303,308
1363,308
1391,308
1488,308
1666,308
1775,308
1829,308
1895,308
1933,308
172,309
209,309
231,309
266,309
324,309
384,309
471,309
547,309
588,309
637,309
809,309
873,309
901,309
1026,309
1071,309
1166,309
1193,309
1288,309
1301,309
1364,309
1392,309
1488,309
1664,309
1773,309
1894,309
172,310
206,310
219,310
230,310
266,310
326,310
386,310
438,310
470,310
546,310
588,310
634,310
809,310
814,310
854,310
872,310
902,310
967,310
1026,310
1071,310
1167,310
1193,310
1303,310
1339,310
1364,310
1393,310
1488,310
1664,310
1773,310
1893,310
173,311
206,311
228,311
266,311
326,311
388,311
471,311
546,311
588,311
633,311
814,311
853,311
870,311
966,311
1026,311
1071,311
1168,311
1194,311
1305,311
1341,311
1363,311
1394,311
1490,311
1512,311
1664,311
1773,311
1893,311
173,312
205,312
230,312
265,312
326,312
390,312
443,312
470,312
546,312
587,312
633,312
815,312
856,312
872,312
966,312
1027,312
1070,312
1170,312
1193,312
1305,312
1339,312
1363,312
1492,312
1512,312
1663,312
1773,312
1892,312
1929,312
173,313
205,313
264,313
326,313
391,313
444,313
472,313
547,313
586,313
633,313
815,313
852,313
871,313
966,313
1026,313
1070,313
1132,313
1169,313
1191,313
1306,313
1339,313
1359,313
1397,313
1494,313
1511,313
1664,313
1724,313
1773,313
1830,313
1892,313
1929,313
114,314
174,314
205,314
264,314
326,314
391,314
444,314
548,314
586,314
632,314
815,314
852,314
966,314
1026,314
1070,314
1133,314
1169,314
1194,314
1306,314
1342,314
1361,314
1397,314
1492,314
1510,314
1664,314
1772,314
1891,314
1926,314
112,315
174,315
206,315
264,315
326,315
391,315
444,315
548,315
585,315
631,315
705,315
816,315
851,315
965,315
1026,315
1069,315
1131,315
1171,315
1196,315
1307,315
1340,315
1361,315
1397,315
1491,315
1512,315
1663,315
1772,315
1871,315
1887,315
113,316
175,316
263,316
327,316
392,316
445,316
547,316
585,316
630,316
705,316
816,316
851,316
965,316
1026,316
1068,316
1129,316
1171,316
1196,316
1309,316
1337,316
1361,316
1514,316
1663,316
1725,316
1772,316
1832,316
1871,316
1881,316
1890,316
1927,316
113,317
176,317
262,317
327,317
392,317
445,317
548,317
585,317
628,317
705,317
816,317
850,317
966,317
1026,317
1068,317
1129,317
1196,317
1307,317
1312,317
1337,317
1403,317
1515,317
1662,317
1727,317
1771,317
1832,317
1873,317
1890,317
1928,317
113,318
177,318
261,318
327,318
392,318
445,318
548,318
583,318
629,318
705,318
817,318
849,318
966,318
1026,318
1068,318
1129,318
1196,318
1337,318
1403,318
1515,318
1661,318
1727,318
1771,318
1832,318
1871,318
1927,318
112,319
177,319
260,319
327,319
393,319
445,319
549,319
628,319
706,319
818,319
846,319
851,319
965,319
1026,319
1068,319
1129,319
1197,319
1336,319
1404,319
1515,319
1661,319
1727,319
1769,319
1832,319
1870,319
1928,319
112,320
179,320
259,320
328,320
393,320
445,320
549,320
706,320
818,320
965,320
1026,320
1067,320
1129,320
1197,320
1339,320
1403,320
1516,320
1662,320
1727,320
1768,320
1832,320
1869,320
1928,320
111,321
179,321
259,321
328,321
395,321
446,321
549,321
706,321
820,321
964,321
1026,321
1066,321
1129,321
1404,321
1518,321
1661,321
1727,321
1768,321
1833,321
1868,321
1927,321
112,322
329,322
395,322
447,322
549,322
706,322
820,322
965,322
1025,322
1066,322
1128,322
1404,322
1660,322
1727,322
1768,322
1833,322
1867,322
1927,322
62,323
112,323
329,323
396,323
448,323
549,323
707,323
821,323
965,323
1026,323
1128,323
1404,323
1659,323
1727,323
1767,323
1833,323
1866,323
1927,323
60,324
112,324
329,324
397,324
448,324
707,324
823,324
964,324
1026,324
1127,324
1404,324
1659,324
1727,324
1833,324
1866,324
1926,324
59,325
112,325
329,325
397,325
449,325
708,325
823,325
964,325
1026,325
1127,325
1405,325
1659,325
1728,325
1833,325
1866,325
1927,325
59,326
111,326
330,326
399,326
449,326
708,326
963,326
1026,326
1127,326
1405,326
1727,326
1833,326
1926,326
60,327
111,327
331,327
400,327
451,327
709,327
963,327
1126,327
1405,327
1727,327
1833,327
1925,327
60,328
331,328
452,328
710,328
1126,328
1406,328
1727,328
1834,328
1925,328
60,329
331,329
452,329
710,329
1126,329
1407,329
1727,329
1833,329
1924,329
1125,330
1408,330
1727,330
1833,330
1924,330
1125,331
1408,331
1728,331
1833,331
1924,331
1124,332
1408,332
1728,332
1833,332
1924,332
1124,333
1409,333
1728,333
1833,333
1409,334
1728,334
412,464
137,465
412,465
138,466
411,466
946,466
138,467
411,467
946,467
138,468
411,468
947,468
139,469
181,469
411,469
946,469
1122,469
140,470
181,470
411,470
721,470
946,470
1123,470
140,471
182,471
411,471
722,471
946,471
1122,471
1313,471
27,472
140,472
184,472
411,472
722,472
946,472
1121,472
1314,472
27,473
140,473
184,473
411,473
722,473
947,473
1018,473
1120,473
1315,473
1657,473
1761,473
1921,473
28,474
140,474
185,474
411,474
625,474
722,474
947,474
1018,474
1119,474
1315,474
1656,474
1762,474
1920,474
29,475
141,475
185,475
272,475
411,475
484,475
625,475
723,475
782,475
890,475
947,475
1018,475
1038,475
1119,475
1166,475
1316,475
1657,475
1761,475
1921,475
29,476
141,476
186,476
271,476
411,476
482,476
625,476
723,476
782,476
890,476
946,476
1016,476
1039,476
1119,476
1165,476
1204,476
1281,476
1317,476
1656,476
1760,476
1921,476
30,477
141,477
186,477
269,477
411,477
481,477
625,477
724,477
783,477
890,477
946,477
1016,477
1040,477
1119,477
1165,477
1204,477
1280,477
1318,477
1656,477
1760,477
1920,477
30,478
141,478
187,478
268,478
410,478
480,478
625,478
724,478
783,478
891,478
946,478
1016,478
1041,478
1118,478
1165,478
1206,478
1279,478
1318,478
1655,478
1760,478
1920,478
30,479
141,479
187,479
267,479
410,479
479,479
627,479
724,479
783,479
891,479
946,479
1016,479
1042,479
1118,479
1164,479
1206,479
1278,479
1319,479
1655,479
1697,479
1759,479
1920,479
1962,479
31,480
70,480
141,480
187,480
266,480
375,480
410,480
478,480
627,480
724,480
783,480
891,480
947,480
1016,480
1043,480
1117,480
1164,480
1208,480
1277,480
1319,480
1472,480
1655,480
1697,480
1759,480
1796,480
1920,480
1961,480
31,481
74,481
142,481
187,481
265,481
375,481
411,481
478,481
627,481
725,481
784,481
891,481
946,481
1014,481
1043,481
1117,481
1163,481
1208,481
1277,481
1320,481
1473,481
1655,481
1697,481
1758,481
1798,481
1920,481
1962,481
31,482
75,482
188,482
265,482
375,482
412,482
477,482
627,482
726,482
784,482
891,482
946,482
1014,482
1044,482
1117,482
1163,482
1208,482
1276,482
1320,482
1475,482
1655,482
1698,482
1758,482
1799,482
1920,482
1962,482
31,483
75,483
190,483
264,483
294,483
375,483
477,483
627,483
726,483
784,483
891,483
946,483
1014,483
1045,483
1118,483
1162,483
1209,483
1276,483
1320,483
1475,483
1654,483
1698,483
1757,483
1799,483
1841,483
1920,483
1964,483
31,484
76,484
264,484
294,484
374,484
476,484
627,484
726,484
784,484
892,484
947,484
1013,484
1045,484
1117,484
1163,484
1209,484
1275,484
1320,484
1477,484
1654,484
1699,484
1757,484
1800,484
1843,484
1920,484
1964,484
32,485
76,485
195,485
263,485
294,485
373,485
476,485
628,485
666,485
726,485
785,485
856,485
892,485
946,485
1013,485
1045,485
1163,485
1210,485
1275,485
1320,485
1415,485
1477,485
1654,485
1699,485
1757,485
1801,485
1843,485
1919,485
1964,485
32,486
77,486
148,486
195,486
262,486
295,486
372,486
410,486
469,486
475,486
628,486
667,486
727,486
784,486
834,486
858,486
892,486
1013,486
1045,486
1162,486
1210,486
1274,486
1321,486
1414,486
1478,486
1611,486
1654,486
1698,486
1757,486
1802,486
1844,486
1919,486
1965,486
32,487
78,487
198,487
256,487
263,487
296,487
371,487
460,487
468,487
628,487
667,487
784,487
834,487
858,487
892,487
1013,487
1045,487
1162,487
1211,487
1274,487
1323,487
1414,487
1478,487
1609,487
1654,487
1698,487
1756,487
1803,487
1845,487
1919,487
1965,487
79,488
200,488
256,488
297,488
348,488
370,488
412,488
461,488
471,488
628,488
667,488
730,488
785,488
834,488
859,488
892,488
946,488
1013,488
1046,488
1161,488
1210,488
1272,488
1414,488
1479,488
1608,488
1654,488
1699,488
1756,488
1803,488
1846,488
1919,488
1965,488
81,489
93,489
149,489
201,489
247,489
255,489
297,489
349,489
368,489
460,489
628,489
668,489
785,489
833,489
857,489
892,489
1013,489
1047,489
1162,489
1210,489
1267,489
1414,489
1479,489
1608,489
1653,489
1699,489
1756,489
1803,489
1847,489
1919,489
1966,489
79,490
87,490
95,490
149,490
201,490
247,490
298,490
349,490
360,490
370,490
409,490
460,490
630,490
668,490
785,490
845,490
893,490
1012,490
1046,490
1162,490
1210,490
1326,490
1392,490
1415,490
1439,490
1480,490
1607,490
1653,490
1699,490
1756,490
1803,490
1847,490
1918,490
1966,490
37,491
89,491
96,491
148,491
201,491
247,491
300,491
318,491
353,491
370,491
409,491
459,491
668,491
691,491
785,491
832,491
857,491
1012,491
1108,491
1161,491
1213,491
1261,491
1326,491
1391,491
1416,491
1439,491
1481,491
1607,491
1653,491
1699,491
1755,491
1803,491
1847,491
1966,491
39,492
95,492
149,492
201,492
246,492
299,492
308,492
318,492
349,492
409,492
458,492
671,492
691,492
733,492
785,492
832,492
857,492
1011,492
1052,492
1108,492
1261,492
1329,492
1391,492
1418,492
1440,492
1482,492
1606,492
1651,492
1699,492
1753,492
1804,492
1848,492
1965,492
96,493
149,493
203,493
246,493
300,493
316,493
348,493
409,493
458,493
672,493
682,493
691,493
735,493
833,493
856,493
946,493
1053,493
1108,493
1215,493
1261,493
1331,493
1391,493
1418,493
1437,493
1484,493
1605,493
1698,493
1805,493
1850,493
1965,493
39,494
96,494
149,494
203,494
245,494
297,494
318,494
347,494
409,494
457,494
670,494
690,494
735,494
833,494
856,494
947,494
1054,494
1108,494
1260,494
1333,494
1390,494
1418,494
1440,494
1498,494
1587,494
1603,494
1699,494
1806,494
1850,494
1856,494
1966,494
40,495
97,495
149,495
203,495
244,495
321,495
347,495
409,495
456,495
671,495
692,495
735,495
833,495
946,495
1058,495
1109,495
1158,495
1216,495
1260,495
1333,495
1389,495
1418,495
1441,495
1494,495
1586,495
1604,495
1809,495
1849,495
1865,495
1916,495
1966,495
40,496
98,496
150,496
203,496
244,496
321,496
346,496
408,496
455,496
693,496
736,496
946,496
1058,496
1108,496
1222,496
1259,496
1333,496
1388,496
1442,496
1497,496
1587,496
1604,496
1649,496
1810,496
1862,496
1914,496
40,497
99,497
150,497
204,497
243,497
321,497
345,497
409,497
453,497
694,497
735,497
947,497
1059,497
1107,497
1221,497
1259,497
1334,497
1387,497
1442,497
1499,497
1586,497
1648,497
1749,497
1810,497
1853,497
1866,497
40,498
100,498
151,498
205,498
242,498
322,498
344,498
409,498
453,498
633,498
695,498
736,498
947,498
1060,498
1107,498
1156,498
1221,498
1258,498
1334,498
1369,498
1385,498
1443,498
1499,498
1585,498
1807,498
1816,498
1867,498
1916,498
40,499
101,499
151,499
206,499
242,499
323,499
344,499
409,499
633,499
695,499
736,499
788,499
897,499
946,499
1060,499
1106,499
1155,499
1221,499
1258,499
1334,499
1369,499
1378,499
1388,499
1444,499
1499,499
1584,499
1648,499
1747,499
1817,499
1868,499
1916,499
40,500
102,500
151,500
207,500
239,500
324,500
344,500
409,500
633,500
695,500
736,500
789,500
897,500
946,500
1005,500
1060,500
1106,500
1156,500
1221,500
1257,500
1335,500
1370,500
1443,500
1500,500
1583,500
1647,500
1746,500
1817,500
1868,500
1916,500
41,501
152,501
208,501
240,501
325,501
408,501
634,501
695,501
736,501
788,501
897,501
946,501
1004,501
1061,501
1107,501
1156,501
1222,501
1256,501
1335,501
1368,501
1500,501
1582,501
1647,501
1746,501
1818,501
1868,501
1916,501
42,502
152,502
208,502
326,502
408,502
634,502
737,502
788,502
897,502
946,502
1004,502
1061,502
1105,502
1156,502
1223,502
1254,502
1335,502
1367,502
1501,502
1582,502
1646,502
1746,502
1819,502
1869,502
1915,502
42,503
154,503
408,503
634,503
738,503
788,503
897,503
947,503
1004,503
1061,503
1105,503
1156,503
1223,503
1253,503
1336,503
1367,503
1501,503
1581,503
1646,503
1701,503
1746,503
1819,503
1870,503
1915,503
1971,503
42,504
154,504
409,504
634,504
739,504
788,504
897,504
946,504
1004,504
1062,504
1104,504
1155,504
1223,504
1337,504
1366,504
1502,504
1580,504
1647,504
1700,504
1746,504
1819,504
1871,504
1915,504
1971,504
43,505
154,505
409,505
634,505
739,505
789,505
897,505
947,505
1003,505
1063,505
1104,505
1155,505
1223,505
1338,505
1365,505
1503,505
1647,505
1701,505
1745,505
1819,505
1871,505
1916,505
1972,505
43,506
409,506
634,506
740,506
789,506
897,506
947,506
1003,506
1063,506
1104,506
1154,506
1224,506
1338,506
1364,506
1505,506
1647,506
1701,506
1745,506
1820,506
1873,506
1915,506
1973,506
45,507
408,507
635,507
740,507
789,507
898,507
946,507
1003,507
1064,507
1103,507
1154,507
1225,507
1339,507
1365,507
1506,507
1646,507
1701,507
1745,507
1821,507
1875,507
1915,507
1973,507
45,508
408,508
635,508
741,508
789,508
898,508
947,508
1003,508
1065,508
1154,508
1226,508
1339,508
1364,508
1508,508
1646,508
1701,508
1745,508
1822,508
1914,508
1972,508
45,509
408,509
636,509
742,509
788,509
899,509
947,509
1002,509
1066,509
1154,509
1226,509
1341,509
1645,509
1701,509
1744,509
1822,509
1914,509
1972,509
636,510
789,510
898,510
947,510
1002,510
1067,510
1153,510
1227,510
1646,510
1701,510
1743,510
1823,510
1915,510
1973,510
636,511
790,511
899,511
947,511
1002,511
1152,511
1227,511
1645,511
1701,511
1743,511
1823,511
1915,511
1974,511
637,512
790,512
899,512
1001,512
1152,512
1645,512
1702,512
1741,512
1825,512
1914,512
1974,512
638,513
790,513
900,513
1000,513
1151,513
1644,513
1702,513
1742,513
1913,513
1974,513
790,514
900,514
1000,514
1151,514
1644,514
1701,514
1742,514
1913,514
1974,514
790,515
1000,515
1644,515
1701,515
1740,515
1912,515
1974,515
790,516
1000,516
1643,516
1701,516
1739,516
1912,516
1974,516
999,517
1643,517
1702,517
1739,517
1975,517
998,518
1642,518
1702,518
1975,518
1701,519
1975,519
1975,520
924,649
126,650
171,650
925,650
126,651
173,651
924,651
126,652
173,652
924,652
125,653
173,653
924,653
124,654
174,654
502,654
924,654
124,655
174,655
234,655
280,655
501,655
925,655
1473,655
124,656
175,656
234,656
280,656
501,656
537,656
723,656
925,656
1473,656
124,657
175,657
234,657
280,657
501,657
538,657
722,657
925,657
1472,657
1621,657
1772,657
123,658
175,658
234,658
280,658
500,658
538,658
721,658
925,658
1472,658
1621,658
1772,658
123,659
176,659
233,659
281,659
500,659
540,659
720,659
924,659
1050,659
1471,659
1621,659
1774,659
123,660
176,660
233,660
281,660
499,660
540,660
718,660
753,660
925,660
1049,660
1316,660
1353,660
1471,660
1622,660
1775,660
1847,660
2001,660
123,661
176,661
232,661
281,661
460,661
499,661
541,661
718,661
753,661
925,661
1049,661
1315,661
1353,661
1471,661
1621,661
1776,661
1848,661
1939,661
2001,661
123,662
176,662
232,662
280,662
459,662
498,662
541,662
717,662
754,662
925,662
1048,662
1314,662
1353,662
1470,662
1622,662
1776,662
1847,662
1940,662
2000,662
123,663
177,663
232,663
281,663
458,663
499,663
542,663
717,663
755,663
886,663
925,663
1047,663
1314,663
1354,663
1469,663
1623,663
1777,663
1847,663
1941,663
2001,663
123,664
177,664
232,664
281,664
456,664
498,664
542,664
716,664
756,664
885,664
925,664
1046,664
1312,664
1354,664
1469,664
1554,664
1623,664
1778,664
1846,664
1942,664
2001,664
123,665
178,665
232,665
282,665
456,665
498,665
543,665
649,665
716,665
756,665
884,665
925,665
1046,665
1238,665
1312,665
1354,665
1469,665
1556,665
1623,665
1779,665
1846,665
1942,665
2001,665
122,666
231,666
281,666
455,666
498,666
544,666
651,666
715,666
757,666
883,666
926,666
1046,666
1238,666
1311,666
1354,666
1469,666
1556,666
1623,666
1779,666
1846,666
1943,666
2001,666
80,667
231,667
281,667
455,667
497,667
543,667
652,667
715,667
757,667
882,667
926,667
1046,667
1241,667
1311,667
1354,667
1468,667
1498,667
1557,667
1623,667
1779,667
1846,667
1943,667
2001,667
80,668
231,668
281,668
454,668
497,668
543,668
653,668
715,668
758,668
881,668
926,668
1045,668
1100,668
1104,668
1241,668
1311,668
1355,668
1468,668
1501,668
1558,668
1624,668
1780,668
1846,668
1944,668
2001,668
79,669
182,669
231,669
281,669
348,669
454,669
498,669
544,669
654,669
714,669
759,669
881,669
925,669
1045,669
1100,669
1242,669
1310,669
1355,669
1468,669
1501,669
1560,669
1624,669
1780,669
1846,669
1945,669
2001,669
79,670
121,670
231,670
282,670
347,670
453,670
497,670
544,670
654,670
710,670
715,670
759,670
881,670
1004,670
1044,670
1099,670
1242,670
1310,670
1355,670
1467,670
1503,670
1560,670
1624,670
1695,670
1780,670
1846,670
1945,670
2001,670
78,671
122,671
183,671
230,671
282,671
347,671
453,671
545,671
655,671
707,671
759,671
880,671
1001,671
1044,671
1098,671
1243,671
1309,671
1355,671
1468,671
1503,671
1560,671
1624,671
1697,671
1780,671
1845,671
1946,671
2001,671
78,672
184,672
231,672
282,672
346,672
453,672
545,672
622,672
655,672
707,672
759,672
879,672
1001,672
1043,672
1097,672
1136,672
1158,672
1244,672
1309,672
1355,672
1465,672
1504,672
1560,672
1624,672
1697,672
1781,672
1846,672
1946,672
2001,672
77,673
120,673
185,673
230,673
283,673
345,673
453,673
545,673
623,673
656,673
759,673
879,673
1000,673
1096,673
1135,673
1158,673
1245,673
1309,673
1355,673
1464,673
1505,673
1561,673
1624,673
1670,673
1697,673
1781,673
1845,673
1945,673
2001,673
76,674
120,674
185,674
344,674
453,674
494,674
623,674
657,674
701,674
759,674
879,674
926,674
999,674
1096,674
1134,674
1160,674
1245,674
1309,674
1355,674
1506,674
1562,674
1625,674
1672,674
1697,674
1783,674
1845,674
1946,674
2000,674
75,675
118,675
184,675
343,675
452,675
623,675
657,675
700,675
760,675
809,675
832,675
879,675
998,675
1096,675
1133,675
1160,675
1245,675
1308,675
1355,675
1462,675
1506,675
1562,675
1671,675
1696,675
1844,675
1872,675
1947,675
2000,675
65,676
75,676
118,676
184,676
343,676
451,676
551,676
622,676
657,676
700,676
760,676
810,676
832,676
879,676
997,676
1038,676
1095,676
1134,676
1157,676
1245,676
1304,676
1309,676
1355,676
1463,676
1506,676
1562,676
1670,676
1692,676
1844,676
1875,676
1946,676
2000,676
64,677
73,677
118,677
185,677
284,677
342,677
452,677
551,677
597,677
622,677
659,677
700,677
762,677
808,677
833,677
878,677
997,677
1036,677
1094,677
1135,677
1148,677
1160,677
1245,677
1303,677
1355,677
1506,677
1562,677
1674,677
1695,677
1844,677
1877,677
1947,677
2000,677
75,678
118,678
185,678
233,678
286,678
325,678
339,678
491,678
552,678
598,678
619,678
659,678
664,678
699,678
808,678
833,678
878,678
928,678
996,678
1033,678
1093,678
1134,678
1159,678
1246,678
1356,678
1507,678
1562,678
1670,678
1695,678
1719,678
1877,678
1946,678
119,679
186,679
325,679
334,679
342,679
491,679
554,679
597,679
617,679
666,679
699,679
821,679
927,679
977,679
996,679
1034,679
1086,679
1094,679
1134,679
1160,679
1246,679
1302,679
1459,679
1508,679
1563,679
1626,679
1668,679
1694,679
1717,679
1791,679
1878,679
1948,679
118,680
186,680
326,680
448,680
491,680
556,680
600,680
620,680
667,680
672,680
698,680
765,680
808,680
834,680
872,680
927,680
977,680
986,680
996,680
1034,680
1077,680
1085,680
1135,680
1159,680
1247,680
1459,680
1508,680
1563,680
1668,680
1694,680
1717,680
1792,680
1879,680
118,681
186,681
228,681
324,681
491,681
556,681
596,681
620,681
671,681
698,681
765,681
809,681
833,681
872,681
927,681
977,681
985,681
995,681
1033,681
1077,681
1084,681
1135,681
1158,681
1249,681
1297,681
1458,681
1668,681
1716,681
1741,681
1793,681
1880,681
1950,681
1999,681
118,682
186,682
227,682
286,682
323,682
444,682
491,682
557,682
596,682
619,682
672,682
697,682
810,682
833,682
871,682
927,682
977,682
1033,682
1078,682
1297,682
1356,682
1458,682
1513,682
1568,682
1668,682
1717,682
1742,682
1794,682
1880,682
117,683
187,683
227,683
286,683
323,683
441,683
490,683
557,683
595,683
674,683
696,683
768,683
811,683
831,683
867,683
927,683
975,683
1032,683
1077,683
1296,683
1458,683
1514,683
1568,683
1627,683
1668,683
1718,683
1743,683
1794,683
1880,683
1950,683
117,684
188,684
226,684
285,684
322,684
441,684
490,684
557,684
595,684
674,684
695,684
769,684
832,684
867,684
927,684
975,684
1031,684
1076,684
1295,684
1458,684
1521,684
1627,684
1721,684
1743,684
1794,684
1841,684
1881,684
117,685
189,685
226,685
285,685
322,685
441,685
490,685
557,685
594,685
674,685
694,685
770,685
866,685
927,685
975,685
1032,685
1076,685
1295,685
1458,685
1521,685
1573,685
1628,685
1720,685
1740,685
1794,685
1841,685
1884,685
1999,685
117,686
189,686
226,686
285,686
321,686
441,686
489,686
558,686
594,686
674,686
693,686
770,686
866,686
927,686
975,686
1031,686
1075,686
1256,686
1295,686
1457,686
1521,686
1575,686
1629,686
1720,686
1744,686
1794,686
1841,686
1881,686
1889,686
1898,686
1955,686
1999,686
117,687
227,687
286,687
320,687
440,687
489,687
558,687
594,687
675,687
770,687
865,687
927,687
973,687
1031,687
1074,687
1256,687
1295,687
1358,687
1457,687
1521,687
1575,687
1629,687
1721,687
1745,687
1796,687
1841,687
1886,687
1896,687
1956,687
2000,687
117,688
226,688
286,688
318,688
440,688
489,688
559,688
676,688
770,688
865,688
927,688
972,688
1030,688
1074,688
1257,688
1295,688
1358,688
1457,688
1522,688
1576,688
1629,688
1720,688
1745,688
1796,688
1840,688
1897,688
1956,688
1999,688
116,689
226,689
286,689
439,689
489,689
559,689
677,689
770,689
865,689
928,689
971,689
1029,689
1073,689
1258,689
1294,689
1357,689
1456,689
1523,689
1576,689
1628,689
1746,689
1796,689
1840,689
1898,689
1956,689
1999,689
116,690
225,690
286,690
439,690
488,690
560,690
677,690
771,690
865,690
928,690
969,690
1028,690
1072,690
1258,690
1293,690
1358,690
1456,690
1523,690
1577,690
1629,690
1745,690
1797,690
1841,690
1899,690
1957,690
1999,690
225,691
286,691
439,691
487,691
560,691
678,691
772,691
864,691
928,691
1028,691
1071,691
1258,691
1293,691
1358,691
1455,691
1523,691
1577,691
1630,691
1745,691
1797,691
1841,691
1900,691
1957,691
1999,691
225,692
286,692
438,692
487,692
561,692
680,692
772,692
864,692
928,692
1070,692
1258,692
1293,692
1358,692
1454,692
1523,692
1577,692
1629,692
1798,692
1840,692
1900,692
1957,692
1999,692
226,693
287,693
438,693
488,693
562,693
683,693
772,693
863,693
928,693
1258,693
1292,693
1358,693
1453,693
1524,693
1577,693
1629,693
1799,693
1840,693
1901,693
1957,693
1999,693
225,694
287,694
437,694
562,694
773,694
862,694
928,694
1259,694
1291,694
1358,694
1453,694
1525,694
1577,694
1629,694
1800,694
1839,694
1901,694
1957,694
1999,694
225,695
287,695
436,695
564,695
773,695
862,695
928,695
1260,695
1290,695
1358,695
1453,695
1526,695
1579,695
1630,695
1800,695
1839,695
1902,695
1957,695
1999,695
225,696
288,696
435,696
564,696
774,696
860,696
929,696
1260,696
1289,696
1358,696
1452,696
1527,696
1579,696
1630,696
1801,696
1839,696
1904,696
1958,696
1999,696
225,697
287,697
435,697
775,697
860,697
928,697
1261,697
1288,697
1359,697
1528,697
1580,697
1630,697
1839,697
1905,697
1959,697
1998,697
225,698
288,698
776,698
858,698
1262,698
1359,698
1580,698
1630,698
1838,698
1959,698
1999,698
288,699
776,699
1263,699
1359,699
1581,699
1630,699
1838,699
1960,699
1999,699
776,700
1263,700
1359,700
1582,700
1630,700
1837,700
1960,700
1998,700
1264,701
1359,701
1583,701
1960,701
1997,701
1359,702
1962,702
1997,702
1360,703
1359,704
160,833
159,834
159,835
159,836
1284,836
159,837
1284,837
158,838
376,838
809,838
1283,838
158,839
375,839
809,839
957,839
1283,839
1378,839
157,840
374,840
809,840
956,840
1283,840
1378,840
157,841
319,841
374,841
809,841
956,841
1283,841
1379,841
157,842
319,842
373,842
474,842
808,842
908,842
957,842
1284,842
1379,842
1483,842
157,843
318,843
372,843
474,843
551,843
808,843
907,843
957,843
1283,843
1379,843
1483,843
157,844
318,844
372,844
475,844
549,844
808,844
907,844
957,844
1283,844
1380,844
1483,844
157,845
190,845
246,845
318,845
371,845
475,845
547,845
807,845
907,845
956,845
1050,845
1101,845
1283,845
1381,845
1484,845
2019,845
156,846
189,846
249,846
318,846
371,846
476,846
546,846
807,846
908,846
956,846
1050,846
1104,846
1282,846
1327,846
1381,846
1485,846
2020,846
156,847
190,847
250,847
317,847
370,847
476,847
546,847
807,847
908,847
957,847
1050,847
1105,847
1283,847
1327,847
1381,847
1486,847
2022,847
93,848
156,848
191,848
251,848
317,848
370,848
476,848
545,848
807,848
908,848
957,848
1052,848
1105,848
1244,848
1283,848
1328,848
1381,848
1487,848
1536,848
1751,848
1857,848
2022,848
94,849
157,849
191,849
252,849
317,849
370,849
442,849
477,849
544,849
807,849
908,849
957,849
1052,849
1106,849
1243,849
1282,849
1329,849
1381,849
1487,849
1537,849
1670,849
1752,849
1836,849
1861,849
2024,849
94,850
157,850
192,850
252,850
316,850
370,850
443,850
477,850
544,850
807,850
908,850
957,850
1053,850
1106,850
1243,850
1282,850
1330,850
1382,850
1487,850
1538,850
1669,850
1753,850
1835,850
1863,850
2024,850
94,851
156,851
192,851
253,851
317,851
369,851
441,851
478,851
543,851
806,851
908,851
956,851
1054,851
1107,851
1243,851
1282,851
1331,851
1382,851
1488,851
1539,851
1584,851
1667,851
1753,851
1834,851
1863,851
2025,851
94,852
156,852
193,852
215,852
254,852
316,852
370,852
440,852
478,852
543,852
655,852
806,852
908,852
956,852
1055,852
1109,852
1241,852
1282,852
1331,852
1382,852
1488,852
1539,852
1585,852
1667,852
1697,852
1755,852
1834,852
1864,852
2000,852
2026,852
94,853
196,853
215,853
254,853
316,853
369,853
440,853
478,853
541,853
653,853
806,853
908,853
957,853
1055,853
1109,853
1240,853
1282,853
1332,853
1383,853
1489,853
1540,853
1587,853
1666,853
1698,853
1756,853
1833,853
1865,853
1999,853
2026,853
95,854
194,854
205,854
216,854
255,854
316,854
438,854
478,854
540,854
604,854
651,854
806,854
908,854
957,854
1055,854
1109,854
1162,854
1240,854
1282,854
1332,854
1382,854
1489,854
1541,854
1588,854
1665,854
1699,854
1756,854
1832,854
1865,854
1998,854
2026,854
95,855
194,855
215,855
255,855
316,855
437,855
479,855
523,855
542,855
603,855
650,855
806,855
908,855
1001,855
1006,855
1056,855
1109,855
1164,855
1239,855
1282,855
1333,855
1382,855
1489,855
1542,855
1589,855
1665,855
1700,855
1756,855
1831,855
1866,855
1997,855
2026,855
95,856
154,856
194,856
217,856
257,856
315,856
365,856
437,856
478,856
522,856
531,856
542,856
604,856
649,856
806,856
907,856
1002,856
1057,856
1110,856
1165,856
1239,856
1282,856
1333,856
1383,856
1489,856
1542,856
1590,856
1664,856
1701,856
1757,856
1831,856
1867,856
1996,856
2026,856
97,857
155,857
218,857
259,857
316,857
365,857
436,857
479,857
524,857
603,857
648,857
806,857
908,857
1003,857
1057,857
1111,857
1166,857
1239,857
1333,857
1384,857
1542,857
1590,857
1663,857
1702,857
1758,857
1831,857
1867,857
1995,857
2026,857
219,858
316,858
436,858
478,858
522,858
602,858
648,858
840,858
845,858
908,858
1003,858
1057,858
1110,858
1167,858
1238,858
1334,858
1543,858
1591,858
1663,858
1703,858
1758,858
1830,858
1869,858
1994,858
2028,858
100,859
220,859
267,859
316,859
362,859
436,859
479,859
522,859
601,859
647,859
842,859
908,859
1003,859
1057,859
1117,859
1168,859
1238,859
1334,859
1542,859
1551,859
1591,859
1662,859
1703,859
1758,859
1830,859
1868,859
1875,859
1883,859
1994,859
2029,859
105,860
220,860
270,860
316,860
361,860
436,860
481,860
521,860
600,860
647,860
842,860
908,860
1004,860
1026,860
1057,860
1117,860
1168,860
1238,860
1338,860
1494,860
1552,860
1560,860
1592,860
1662,860
1704,860
1758,860
1829,860
1885,860
1994,860
106,861
152,861
221,861
271,861
360,861
435,861
520,861
600,861
646,861
804,861
842,861
908,861
1006,861
1026,861
1058,861
1119,861
1169,861
1237,861
1339,861
1386,861
1459,861
1496,861
1559,861
1592,861
1662,861
1704,861
1758,861
1829,861
1884,861
1993,861
2032,861
106,862
151,862
221,862
271,862
360,862
435,862
519,862
599,862
645,862
843,862
1005,862
1022,862
1062,862
1124,862
1170,862
1237,862
1436,862
1461,862
1498,862
1560,862
1593,862
1661,862
1704,862
1759,862
1829,862
1885,862
1993,862
106,863
151,863
221,863
272,863
360,863
483,863
519,863
581,863
597,863
643,863
844,863
866,863
957,863
1006,863
1025,863
1063,863
1125,863
1170,863
1233,863
1340,863
1436,863
1461,863
1499,863
1561,863
1594,863
1662,863
1705,863
1829,863
1886,863
1991,863
2037,863
107,864
151,864
272,864
359,864
429,864
484,864
518,864
580,864
591,864
598,864
639,864
646,864
845,864
866,864
958,864
1007,864
1027,864
1063,864
1126,864
1172,864
1232,864
1344,864
1434,864
1461,864
1499,864
1562,864
1593,864
1600,864
1654,864
1705,864
1828,864
1887,864
1992,864
2039,864
107,865
150,865
272,865
316,865
359,865
421,865
428,865
518,865
582,865
598,865
639,865
801,865
848,865
866,865
958,865
1028,865
1126,865
1174,865
1232,865
1345,865
1389,865
1435,865
1459,865
1500,865
1562,865
1601,865
1609,865
1653,865
1711,865
1763,865
1827,865
1887,865
2039,865
107,866
150,866
273,866
359,866
422,866
516,866
580,866
630,866
802,866
845,866
867,866
958,866
1028,866
1070,866
1127,866
1171,866
1180,866
1189,866
1281,866
1346,866
1390,866
1436,866
1460,866
1500,866
1562,866
1608,866
1652,866
1711,866
1887,866
1976,866
1983,866
2039,866
108,867
151,867
275,867
358,867
421,867
516,867
579,867
631,867
802,867
845,867
868,867
957,867
1029,867
1069,867
1127,867
1171,867
1189,867
1226,867
1280,867
1346,867
1390,867
1434,867
1460,867
1500,867
1563,867
1609,867
1647,867
1717,867
1767,867
1821,867
1888,867
1978,867
2039,867
108,868
150,868
275,868
358,868
420,868
487,868
578,868
629,868
801,868
846,868
869,868
957,868
1028,868
1069,868
1128,868
1191,868
1227,868
1280,868
1346,868
1391,868
1434,868
1460,868
1501,868
1564,868
1609,868
1647,868
1719,868
1769,868
1821,868
1888,868
1977,868
2040,868
109,869
150,869
276,869
313,869
357,869
420,869
487,869
577,869
628,869
801,869
869,869
957,869
1027,869
1070,869
1128,869
1192,869
1226,869
1280,869
1346,869
1390,869
1435,869
1459,869
1501,869
1564,869
1610,869
1646,869
1719,869
1770,869
1890,869
1976,869
2040,869
110,870
149,870
277,870
312,870
356,870
419,870
487,870
577,870
628,870
801,870
870,870
958,870
1070,870
1128,870
1191,870
1226,870
1280,870
1347,870
1390,870
1435,870
1458,870
1502,870
1566,870
1610,870
1645,870
1720,870
1770,870
1817,870
1892,870
1975,870
2040,870
111,871
150,871
279,871
312,871
357,871
419,871
487,871
577,871
628,871
800,871
870,871
910,871
958,871
1070,871
1129,871
1192,871
1226,871
1280,871
1348,871
1390,871
1437,871
1502,871
1567,871
1612,871
1645,871
1720,871
1770,871
1816,871
1975,871
2040,871
112,872
150,872
311,872
356,872
419,872
487,872
575,872
627,872
801,872
870,872
909,872
958,872
1071,872
1130,872
1193,872
1225,872
1280,872
1348,872
1391,872
1502,872
1569,872
1612,872
1644,872
1721,872
1770,872
1816,872
1974,872
2040,872
114,873
149,873
311,873
356,873
419,873
487,873
574,873
626,873
801,873
872,873
909,873
958,873
1071,873
1131,873
1194,873
1225,873
1280,873
1348,873
1391,873
1503,873
1613,873
1644,873
1719,873
1726,873
1770,873
1815,873
1974,873
2042,873
114,874
149,874
311,874
355,874
418,874
488,874
575,874
625,874
801,874
909,874
957,874
1072,874
1132,874
1195,874
1225,874
1280,874
1349,874
1391,874
1504,874
1613,874
1644,874
1722,874
1771,874
1815,874
1973,874
2043,874
149,875
311,875
354,875
416,875
488,875
625,875
800,875
909,875
957,875
1072,875
1133,875
1195,875
1225,875
1279,875
1349,875
1392,875
1505,875
1613,875
1643,875
1723,875
1772,875
1815,875
1972,875
2043,875
149,876
311,876
415,876
488,876
624,876
800,876
909,876
958,876
1073,876
1135,876
1196,876
1224,876
1280,876
1352,876
1392,876
1505,876
1615,876
1643,876
1723,876
1773,876
1815,876
1971,876
149,877
311,877
415,877
489,877
623,877
800,877
909,877
958,877
1073,877
1197,877
1223,877
1280,877
1352,877
1392,877
1616,877
1642,877
1724,877
1773,877
1814,877
1969,877
149,878
310,878
489,878
800,878
909,878
958,878
1074,878
1223,878
1280,878
1393,878
1618,878
1641,878
1726,878
1773,878
1813,878
1969,878
148,879
310,879
489,879
800,879
909,879
1075,879
1221,879
1279,879
1393,879
1640,879
1774,879
1813,879
1967,879
310,880
490,880
799,880
909,880
1076,880
1221,880
1279,880
1394,880
1639,880
1775,880
1813,880
311,881
490,881
799,881
910,881
1077,881
1220,881
1279,881
1394,881
1637,881
1776,881
1812,881
310,882
490,882
798,882
910,882
1077,882
1280,882
1394,882
1638,882
1812,882
310,883
491,883
798,883
910,883
1280,883
1810,883
310,884
492,884
909,884
1279,884
1809,884
309,885
493,885
910,885
1279,885
1809,885
310,886
910,886
1806,886
310,887
910,887
309,888
910,888
910,889
910,890
283,1017
346,1018
572,1018
1293,1018
346,1019
572,1019
940,1019
345,1020
572,1020
941,1020
345,1021
571,1021
941,1021
345,1022
570,1022
941,1022
1209,1022
1422,1022
345,1023
569,1023
631,1023
940,1023
1209,1023
1422,1023
231,1024
304,1024
345,1024
492,1024
569,1024
631,1024
940,1024
1148,1024
1209,1024
1422,1024
1852,1024
131,1025
233,1025
304,1025
344,1025
492,1025
569,1025
630,1025
940,1025
1148,1025
1208,1025
1323,1025
1422,1025
1852,1025
131,1026
234,1026
303,1026
344,1026
494,1026
569,1026
630,1026
758,1026
939,1026
1148,1026
1208,1026
1323,1026
1423,1026
1851,1026
131,1027
235,1027
303,1027
345,1027
495,1027
568,1027
629,1027
759,1027
940,1027
1149,1027
1209,1027
1322,1027
1423,1027
1852,1027
131,1028
235,1028
302,1028
345,1028
412,1028
463,1028
495,1028
568,1028
629,1028
760,1028
940,1028
989,1028
1148,1028
1208,1028
1323,1028
1423,1028
1852,1028
133,1029
235,1029
301,1029
345,1029
412,1029
463,1029
495,1029
567,1029
628,1029
762,1029
940,1029
990,1029
1149,1029
1208,1029
1324,1029
1423,1029
1853,1029
1908,1029
133,1030
236,1030
301,1030
345,1030
411,1030
462,1030
496,1030
567,1030
628,1030
762,1030
940,1030
990,1030
1148,1030
1207,1030
1324,1030
1423,1030
1853,1030
1907,1030
133,1031
237,1031
300,1031
345,1031
410,1031
461,1031
497,1031
568,1031
628,1031
763,1031
939,1031
990,1031
1148,1031
1207,1031
1324,1031
1423,1031
1852,1031
1907,1031
133,1032
238,1032
300,1032
345,1032
409,1032
460,1032
497,1032
568,1032
627,1032
764,1032
939,1032
990,1032
1149,1032
1207,1032
1324,1032
1424,1032
1598,1032
1852,1032
1907,1032
134,1033
237,1033
300,1033
345,1033
409,1033
459,1033
498,1033
567,1033
627,1033
656,1033
765,1033
902,1033
940,1033
990,1033
1035,1033
1149,1033
1208,1033
1324,1033
1424,1033
1599,1033
1853,1033
1907,1033
134,1034
238,1034
299,1034
345,1034
409,1034
459,1034
498,1034
567,1034
627,1034
656,1034
737,1034
765,1034
901,1034
940,1034
991,1034
1037,1034
1149,1034
1207,1034
1424,1034
1541,1034
1598,1034
1853,1034
1907,1034
1950,1034
135,1035
211,1035
235,1035
240,1035
299,1035
345,1035
408,1035
459,1035
498,1035
567,1035
627,1035
656,1035
735,1035
765,1035
899,1035
940,1035
991,1035
1037,1035
1149,1035
1207,1035
1321,1035
1359,1035
1424,1035
1541,1035
1597,1035
1853,1035
1907,1035
1952,1035
135,1036
207,1036
241,1036
299,1036
345,1036
407,1036
458,1036
498,1036
626,1036
657,1036
735,1036
766,1036
898,1036
939,1036
992,1036
1040,1036
1149,1036
1207,1036
1317,1036
1323,1036
1360,1036
1424,1036
1541,1036
1596,1036
1625,1036
1852,1036
1907,1036
1953,1036
135,1037
206,1037
246,1037
299,1037
407,1037
458,1037
498,1037
626,1037
657,1037
734,1037
767,1037
812,1037
898,1037
991,1037
1041,1037
1148,1037
1207,1037
1320,1037
1361,1037
1424,1037
1539,1037
1595,1037
1627,1037
1852,1037
1907,1037
1954,1037
135,1038
205,1038
247,1038
299,1038
406,1038
457,1038
499,1038
626,1038
657,1038
679,1038
732,1038
765,1038
815,1038
897,1038
991,1038
1041,1038
1149,1038
1207,1038
1320,1038
1361,1038
1424,1038
1539,1038
1594,1038
1627,1038
1852,1038
1907,1038
1954,1038
135,1039
204,1039
251,1039
299,1039
406,1039
457,1039
500,1039
565,1039
659,1039
680,1039
732,1039
768,1039
815,1039
896,1039
991,1039
1041,1039
1149,1039
1319,1039
1361,1039
1423,1039
1539,1039
1594,1039
1628,1039
1671,1039
1852,1039
1907,1039
1955,1039
136,1040
203,1040
252,1040
298,1040
346,1040
406,1040
457,1040
658,1040
670,1040
682,1040
731,1040
766,1040
774,1040
816,1040
896,1040
939,1040
992,1040
1041,1040
1149,1040
1320,1040
1362,1040
1484,1040
1538,1040
1593,1040
1628,1040
1673,1040
1853,1040
1907,1040
1955,1040
136,1041
203,1041
253,1041
345,1041
405,1041
458,1041
503,1041
659,1041
681,1041
731,1041
774,1041
817,1041
895,1041
992,1041
1043,1041
1085,1041
1148,1041
1320,1041
1362,1041
1484,1041
1538,1041
1593,1041
1630,1041
1674,1041
1907,1041
1956,1041
2073,1041
136,1042
202,1042
254,1042
405,1042
457,1042
504,1042
622,1042
659,1042
682,1042
730,1042
781,1042
817,1042
895,1042
992,1042
1043,1042
1088,1042
1319,1042
1363,1042
1461,1042
1485,1042
1537,1042
1592,1042
1630,1042
1674,1042
1907,1042
1957,1042
2072,1042
138,1043
202,1043
254,1043
295,1043
405,1043
456,1043
505,1043
562,1043
622,1043
661,1043
683,1043
729,1043
782,1043
818,1043
894,1043
992,1043
1044,1043
1090,1043
1319,1043
1364,1043
1462,1043
1484,1043
1536,1043
1592,1043
1631,1043
1675,1043
1907,1043
1957,1043
2072,1043
139,1044
201,1044
255,1044
405,1044
561,1044
684,1044
711,1044
720,1044
729,1044
783,1044
819,1044
894,1044
992,1044
1044,1044
1091,1044
1364,1044
1460,1044
1484,1044
1537,1044
1591,1044
1631,1044
1677,1044
1907,1044
1957,1044
2072,1044
141,1045
200,1045
255,1045
344,1045
405,1045
561,1045
620,1045
684,1045
710,1045
719,1045
729,1045
782,1045
820,1045
839,1045
893,1045
938,1045
992,1045
1043,1045
1092,1045
1364,1045
1460,1045
1481,1045
1537,1045
1591,1045
1632,1045
1677,1045
1906,1045
1957,1045
2071,1045
141,1046
193,1046
201,1046
256,1046
345,1046
403,1046
509,1046
560,1046
619,1046
685,1046
711,1046
783,1046
819,1046
829,1046
840,1046
894,1046
938,1046
993,1046
1044,1046
1092,1046
1363,1046
1461,1046
1483,1046
1536,1046
1592,1046
1632,1046
1678,1046
1906,1046
1957,1046
2071,1046
142,1047
183,1047
193,1047
200,1047
257,1047
292,1047
345,1047
509,1047
560,1047
618,1047
683,1047
710,1047
784,1047
820,1047
831,1047
841,1047
886,1047
893,1047
938,1047
1046,1047
1093,1047
1203,1047
1316,1047
1365,1047
1371,1047
1426,1047
1459,1047
1482,1047
1535,1047
1591,1047
1633,1047
1678,1047
1906,1047
1957,1047
2070,1047
185,1048
258,1048
290,1048
344,1048
510,1048
560,1048
618,1048
680,1048
686,1048
710,1048
785,1048
820,1048
830,1048
840,1048
885,1048
938,1048
1051,1048
1094,1048
1203,1048
1373,1048
1427,1048
1458,1048
1482,1048
1536,1048
1590,1048
1632,1048
1639,1048
1679,1048
1852,1048
1907,1048
1958,1048
2070,1048
183,1049
259,1049
291,1049
344,1049
400,1049
448,1049
510,1049
560,1049
618,1049
709,1049
785,1049
842,1049
878,1049
884,1049
938,1049
1051,1049
1095,1049
1203,1049
1377,1049
1426,1049
1458,1049
1534,1049
1639,1049
1679,1049
1852,1049
1959,1049
2071,1049
143,1050
182,1050
259,1050
291,1050
344,1050
400,1050
449,1050
510,1050
560,1050
618,1050
708,1050
785,1050
842,1050
879,1050
938,1050
1097,1050
1150,1050
1203,1050
1378,1050
1426,1050
1458,1050
1532,1050
1584,1050
1646,1050
1680,1050
1852,1050
2071,1050
145,1051
181,1051
261,1051
290,1051
344,1051
448,1051
510,1051
560,1051
618,1051
707,1051
785,1051
843,1051
878,1051
938,1051
1058,1051
1095,1051
1103,1051
1113,1051
1149,1051
1203,1051
1379,1051
1426,1051
1460,1051
1584,1051
1646,1051
1680,1051
1853,1051
2071,1051
145,1052
181,1052
290,1052
344,1052
447,1052
510,1052
559,1052
617,1052
707,1052
786,1052
843,1052
878,1052
938,1052
1058,1052
1095,1052
1105,1052
1113,1052
1149,1052
1203,1052
1314,1052
1380,1052
1427,1052
1583,1052
1648,1052
1681,1052
1853,1052
2070,1052
145,1053
180,1053
289,1053
344,1053
397,1053
447,1053
511,1053
559,1053
617,1053
706,1053
788,1053
844,1053
877,1053
938,1053
1059,1053
1095,1053
1114,1053
1149,1053
1203,1053
1314,1053
1381,1053
1426,1053
1580,1053
1647,1053
1680,1053
1853,1053
2070,1053
146,1054
180,1054
289,1054
344,1054
395,1054
447,1054
512,1054
558,1054
616,1054
705,1054
789,1054
845,1054
876,1054
938,1054
995,1054
1059,1054
1115,1054
1149,1054
1202,1054
1314,1054
1381,1054
1427,1054
1579,1054
1648,1054
1853,1054
2063,1054
145,1055
179,1055
289,1055
344,1055
394,1055
447,1055
512,1055
559,1055
616,1055
706,1055
791,1055
845,1055
876,1055
937,1055
996,1055
1059,1055
1115,1055
1149,1055
1202,1055
1313,1055
1381,1055
1427,1055
1526,1055
1578,1055
1648,1055
1689,1055
1852,1055
1967,1055
2061,1055
146,1056
178,1056
289,1056
344,1056
394,1056
446,1056
513,1056
558,1056
616,1056
791,1056
846,1056
875,1056
938,1056
996,1056
1059,1056
1116,1056
1149,1056
1202,1056
1313,1056
1382,1056
1427,1056
1527,1056
1578,1056
1648,1056
1694,1056
1853,1056
1967,1056
2055,1056
2060,1056
146,1057
177,1057
288,1057
345,1057
394,1057
446,1057
513,1057
558,1057
616,1057
848,1057
875,1057
938,1057
996,1057
1060,1057
1116,1057
1149,1057
1202,1057
1314,1057
1383,1057
1427,1057
1527,1057
1578,1057
1650,1057
1695,1057
1853,1057
1905,1057
1967,1057
2057,1057
146,1058
176,1058
288,1058
345,1058
394,1058
446,1058
514,1058
557,1058
615,1058
874,1058
938,1058
997,1058
1061,1058
1117,1058
1149,1058
1202,1058
1313,1058
1383,1058
1427,1058
1526,1058
1578,1058
1650,1058
1695,1058
1853,1058
1906,1058
1968,1058
2055,1058
146,1059
174,1059
287,1059
344,1059
394,1059
445,1059
516,1059
557,1059
615,1059
873,1059
937,1059
996,1059
1061,1059
1118,1059
1149,1059
1202,1059
1313,1059
1384,1059
1427,1059
1526,1059
1577,1059
1651,1059
1696,1059
1853,1059
1906,1059
1969,1059
2054,1059
147,1060
287,1060
344,1060
394,1060
445,1060
516,1060
556,1060
614,1060
873,1060
938,1060
996,1060
1061,1060
1119,1060
1150,1060
1201,1060
1313,1060
1386,1060
1428,1060
1526,1060
1576,1060
1652,1060
1697,1060
1853,1060
1906,1060
1969,1060
2054,1060
147,1061
287,1061
344,1061
393,1061
444,1061
614,1061
871,1061
937,1061
996,1061
1062,1061
1119,1061
1150,1061
1201,1061
1312,1061
1386,1061
1428,1061
1523,1061
1576,1061
1652,1061
1697,1061
1852,1061
1906,1061
1969,1061
2054,1061
148,1062
286,1062
345,1062
393,1062
444,1062
870,1062
938,1062
997,1062
1064,1062
1119,1062
1150,1062
1201,1062
1312,1062
1427,1062
1525,1062
1575,1062
1654,1062
1698,1062
1852,1062
1905,1062
1969,1062
2054,1062
149,1063
285,1063
392,1063
443,1063
997,1063
1065,1063
1149,1063
1312,1063
1428,1063
1524,1063
1575,1063
1698,1063
1852,1063
1906,1063
1970,1063
2054,1063
149,1064
392,1064
442,1064
997,1064
1065,1064
1149,1064
1312,1064
1524,1064
1575,1064
1699,1064
1852,1064
1906,1064
1971,1064
2053,1064
149,1065
391,1065
997,1065
1067,1065
1149,1065
1312,1065
1524,1065
1574,1065
1700,1065
1906,1065
1971,1065
2052,1065
150,1066
391,1066
997,1066
1149,1066
1311,1066
1524,1066
1572,1066
1700,1066
1905,1066
1971,1066
2051,1066
150,1067
390,1067
997,1067
1149,1067
1311,1067
1523,1067
1571,1067
1701,1067
1905,1067
1972,1067
2050,1067
152,1068
389,1068
998,1068
1310,1068
1521,1068
1570,1068
1702,1068
1905,1068
1972,1068
2048,1068
388,1069
999,1069
1309,1069
1412,1069
1522,1069
1569,1069
1703,1069
1905,1069
1973,1069
2046,1069
388,1070
998,1070
1310,1070
1406,1070
1417,1070
1706,1070
1905,1070
999,1071
1905,1071
999,1072
1420,1072
1905,1072
1905,1073
1904,1074
1904,1075
564,1148
342,1177
331,1178
341,1178
338,1179
337,1180
337,1181
604,1216
603,1217
604,1218
603,1219
272,1220
604,1220
272,1221
336,1221
603,1221
272,1222
336,1222
395,1222
603,1222
272,1223
335,1223
395,1223
604,1223
273,1224
336,1224
393,1224
604,1224
274,1225
336,1225
392,1225
457,1225
603,1225
910,1225
273,1226
335,1226
391,1226
455,1226
603,1226
911,1226
274,1227
335,1227
390,1227
455,1227
603,1227
913,1227
274,1228
335,1228
390,1228
452,1228
602,1228
913,1228
958,1228
275,1229
335,1229
389,1229
451,1229
603,1229
718,1229
914,1229
958,1229
275,1230
336,1230
389,1230
450,1230
603,1230
715,1230
914,1230
958,1230
275,1231
335,1231
388,1231
450,1231
603,1231
715,1231
915,1231
960,1231
275,1232
335,1232
387,1232
450,1232
602,1232
639,1232
714,1232
916,1232
961,1232
275,1233
335,1233
387,1233
449,1233
602,1233
637,1233
713,1233
916,1233
962,1233
1011,1233
275,1234
334,1234
387,1234
449,1234
603,1234
638,1234
712,1234
775,1234
916,1234
963,1234
1013,1234
276,1235
335,1235
385,1235
448,1235
602,1235
638,1235
711,1235
772,1235
917,1235
963,1235
1014,1235
1068,1235
182,1236
187,1236
276,1236
335,1236
379,1236
386,1236
446,1236
638,1236
663,1236
711,1236
772,1236
917,1236
964,1236
1016,1236
1069,1236
184,1237
277,1237
335,1237
379,1237
441,1237
447,1237
639,1237
663,1237
710,1237
770,1237
919,1237
964,1237
1016,1237
1070,1237
184,1238
207,1238
335,1238
372,1238
378,1238
441,1238
641,1238
653,1238
665,1238
709,1238
769,1238
923,1238
964,1238
1017,1238
1070,1238
184,1239
206,1239
335,1239
371,1239
433,1239
602,1239
653,1239
701,1239
710,1239
769,1239
924,1239
965,1239
1018,1239
1071,1239
183,1240
206,1240
280,1240
334,1240
370,1240
433,1240
641,1240
664,1240
691,1240
700,1240
710,1240
767,1240
966,1240
1018,1240
1071,1240
182,1241
207,1241
229,1241
370,1241
432,1241
641,1241
667,1241
692,1241
708,1241
767,1241
929,1241
965,1241
1019,1241
1069,1241
181,1242
209,1242
228,1242
369,1242
432,1242
642,1242
667,1242
691,1242
766,1242
852,1242
931,1242
966,1242
1019,1242
163,1243
178,1243
218,1243
368,1243
431,1243
602,1243
667,1243
689,1243
766,1243
850,1243
931,1243
967,1243
1019,1243
167,1244
180,1244
208,1244
230,1244
368,1244
431,1244
602,1244
667,1244
690,1244
766,1244
849,1244
874,1244
931,1244
967,1244
1020,1244
165,1245
180,1245
209,1245
231,1245
282,1245
368,1245
430,1245
601,1245
668,1245
689,1245
765,1245
849,1245
875,1245
932,1245
973,1245
1021,1245
164,1246
179,1246
210,1246
232,1246
283,1246
367,1246
429,1246
601,1246
665,1246
688,1246
763,1246
849,1246
876,1246
932,1246
973,1246
1021,1246
1027,1246
164,1247
179,1247
232,1247
283,1247
367,1247
429,1247
602,1247
687,1247
764,1247
852,1247
876,1247
933,1247
974,1247
1027,1247
163,1248
231,1248
283,1248
365,1248
428,1248
602,1248
686,1248
756,1248
851,1248
864,1248
877,1248
934,1248
977,1248
1028,1248
231,1249
283,1249
334,1249
364,1249
426,1249
601,1249
686,1249
751,1249
852,1249
878,1249
934,1249
980,1249
231,1250
283,1250
334,1250
364,1250
426,1250
601,1250
685,1250
748,1250
852,1250
878,1250
935,1250
981,1250
284,1251
334,1251
362,1251
601,1251
686,1251
747,1251
852,1251
878,1251
936,1251
981,1251
284,1252
334,1252
362,1252
602,1252
747,1252
852,1252
877,1252
937,1252
981,1252
285,1253
334,1253
602,1253
747,1253
877,1253
939,1253
981,1253
285,1254
334,1254
602,1254
746,1254
876,1254
982,1254
285,1255
334,1255
602,1255
745,1255
983,1255
285,1256
334,1256
601,1256
744,1256
982,1256
286,1257
333,1257
601,1257
744,1257
979,1257
287,1258
334,1258
601,1258
744,1258
287,1259
334,1259
602,1259
742,1259
287,1260
334,1260
602,1260
741,1260
333,1261
601,1261
741,1261
334,1262
601,1262
739,1262
334,1263
601,1263
334,1264
335,1265
334,1266
334,1267
