2080*1398
1873,4
1864,5
1861,6
1858,7
1857,8
1856,9
1856,10
1855,11
1854,12
1853,13
1852,14
1809,15
1852,15
1806,16
1849,16
1805,17
1805,18
1805,19
1805,20
1804,21
1804,22
1765,23
1804,23
1765,24
1804,24
1765,25
1804,25
1765,26
1804,26
1804,27
1803,28
1027,164
1850,164
1029,165
1850,165
1029,166
1480,166
1849,166
1030,167
1479,167
1504,167
1849,167
1032,168
1155,168
1479,168
1504,168
1849,168
1886,168
984,169
1032,169
1155,169
1402,169
1479,169
1506,169
1723,169
1848,169
1888,169
984,170
1033,170
1155,170
1403,170
1478,170
1506,170
1725,170
1849,170
1888,170
984,171
1033,171
1154,171
1404,171
1477,171
1507,171
1726,171
1849,171
1889,171
984,172
1034,172
1153,172
1205,172
1405,172
1476,172
1508,172
1644,172
1726,172
1848,172
1891,172
916,173
984,173
1034,173
1153,173
1205,173
1376,173
1406,173
1475,173
1508,173
1646,173
1726,173
1848,173
1891,173
918,174
984,174
1035,174
1153,174
1204,174
1376,174
1406,174
1476,174
1509,174
1644,174
1727,174
1848,174
1892,174
918,175
983,175
1035,175
1152,175
1204,175
1375,175
1407,175
1475,175
1509,175
1643,175
1728,175
1847,175
1892,175
920,176
983,176
1035,176
1152,176
1204,176
1264,176
1375,176
1408,176
1475,176
1510,176
1643,176
1728,176
1847,176
1893,176
921,177
984,177
1035,177
1151,177
1203,177
1263,177
1374,177
1408,177
1475,177
1510,177
1642,177
1729,177
1774,177
1848,177
1893,177
886,178
922,178
983,178
1037,178
1151,178
1203,178
1262,178
1374,178
1408,178
1475,178
1510,178
1641,178
1729,178
1776,178
1847,178
1894,178
884,179
922,179
983,179
1037,179
1151,179
1202,179
1261,179
1373,179
1409,179
1473,179
1510,179
1640,179
1662,179
1729,179
1777,179
1847,179
1894,179
884,180
922,180
983,180
1151,180
1202,180
1260,180
1351,180
1372,180
1410,180
1510,180
1640,180
1663,180
1729,180
1777,180
1846,180
1894,180
884,181
923,181
982,181
1151,181
1203,181
1260,181
1351,181
1369,181
1410,181
1511,181
1639,181
1664,181
1730,181
1778,181
1846,181
1894,181
924,182
983,182
1042,182
1150,182
1202,182
1260,182
1324,182
1350,182
1371,182
1415,182
1513,182
1638,182
1665,182
1730,182
1779,182
1894,182
925,183
983,183
1044,183
1150,183
1202,183
1259,183
1323,183
1352,183
1371,183
1417,183
1637,183
1665,183
1730,183
1780,183
1895,183
924,184
931,184
942,184
983,184
1044,184
1050,184
1150,184
1201,184
1259,184
1301,184
1324,184
1349,184
1417,184
1424,184
1468,184
1515,184
1622,184
1639,184
1666,184
1780,184
879,185
926,185
943,185
982,185
1049,185
1201,185
1258,185
1300,185
1324,185
1349,185
1424,185
1464,185
1515,185
1621,185
1629,185
1666,185
1781,185
940,186
982,186
1050,186
1201,186
1258,186
1299,186
1324,186
1349,186
1425,186
1463,186
1623,186
1667,186
1781,186
1899,186
880,187
943,187
982,187
1049,187
1201,187
1258,187
1299,187
1321,187
1348,187
1425,187
1464,187
1521,187
1570,187
1621,187
1668,187
1783,187
1899,187
880,188
943,188
1050,188
1258,188
1302,188
1324,188
1346,188
1425,188
1464,188
1521,188
1569,188
1590,188
1621,188
1669,188
1734,188
1784,188
822,189
875,189
944,189
1051,189
1257,189
1299,189
1323,189
1346,189
1425,189
1463,189
1521,189
1569,189
1591,189
1620,189
1670,189
1736,189
1799,189
1842,189
1905,189
822,190
876,190
944,190
1051,190
1146,190
1298,190
1310,190
1322,190
1346,190
1426,190
1462,190
1521,190
1568,190
1591,190
1619,190
1669,190
1677,190
1688,190
1738,190
1790,190
1798,190
1842,190
1906,190
875,191
945,191
1051,191
1146,191
1198,191
1298,191
1321,191
1427,191
1462,191
1521,191
1568,191
1592,191
1618,191
1670,191
1679,191
1688,191
1739,191
1797,191
1842,191
1906,191
875,192
945,192
981,192
1051,192
1144,192
1252,192
1299,192
1427,192
1462,192
1521,192
1580,192
1618,192
1687,192
1739,192
1800,192
1842,192
1906,192
824,193
875,193
947,193
1053,193
1143,193
1301,193
1428,193
1462,193
1522,193
1568,193
1592,193
1617,193
1688,193
1740,193
1800,193
1842,193
1906,193
824,194
875,194
947,194
982,194
1053,194
1142,194
1197,194
1248,194
1429,194
1460,194
1523,194
1568,194
1592,194
1616,194
1689,194
1739,194
1800,194
1842,194
1907,194
824,195
875,195
948,195
1054,195
1142,195
1196,195
1248,195
1430,195
1460,195
1523,195
1570,195
1591,195
1614,195
1690,195
1739,195
1801,195
1842,195
1908,195
825,196
874,196
949,196
981,196
1054,196
1142,196
1195,196
1247,196
1432,196
1459,196
1524,196
1590,196
1613,196
1691,196
1740,196
1801,196
1841,196
1908,196
825,197
874,197
952,197
980,197
1055,197
1143,197
1195,197
1247,197
1432,197
1458,197
1524,197
1613,197
1691,197
1740,197
1802,197
1841,197
1908,197
771,198
825,198
873,198
980,198
1056,198
1142,198
1195,198
1247,198
1457,198
1525,198
1691,198
1741,198
1803,198
1841,198
1909,198
769,199
825,199
873,199
980,199
1057,199
1142,199
1196,199
1246,199
1458,199
1526,199
1692,199
1741,199
1804,199
1841,199
1909,199
769,200
825,200
873,200
980,200
1058,200
1142,200
1196,200
1246,200
1527,200
1693,200
1742,200
1805,200
1841,200
1910,200
769,201
825,201
873,201
980,201
1141,201
1195,201
1246,201
1527,201
1696,201
1742,201
1806,201
1840,201
1911,201
770,202
825,202
871,202
980,202
1141,202
1195,202
1246,202
1527,202
1743,202
1840,202
1911,202
770,203
826,203
871,203
980,203
1141,203
1194,203
1245,203
1744,203
1839,203
1912,203
769,204
826,204
871,204
980,204
1140,204
1194,204
1244,204
1744,204
1839,204
1912,204
770,205
826,205
871,205
979,205
1140,205
1194,205
1243,205
1838,205
769,206
826,206
870,206
980,206
1139,206
1193,206
1243,206
1839,206
770,207
826,207
870,207
980,207
1139,207
1193,207
1242,207
770,208
827,208
980,208
1138,208
1193,208
1241,208
827,209
979,209
1137,209
1192,209
979,210
1192,210
979,211
979,212
979,213
192,343
190,344
187,346
185,348
226,356
687,356
227,357
687,357
225,358
689,358
1935,358
112,359
225,359
542,359
690,359
1935,359
112,360
224,360
543,360
690,360
923,360
1934,360
111,361
223,361
543,361
691,361
923,361
1934,361
111,362
165,362
223,362
318,362
542,362
692,362
921,362
1344,362
1934,362
111,363
164,363
221,363
317,363
542,363
692,363
920,363
1214,363
1344,363
1816,363
1933,363
110,364
164,364
222,364
318,364
541,364
693,364
869,364
919,364
1216,364
1306,364
1345,364
1817,364
1934,364
109,365
164,365
221,365
318,365
542,365
693,365
869,365
918,365
1217,365
1305,365
1344,365
1817,365
1934,365
109,366
164,366
221,366
318,366
542,366
693,366
867,366
918,366
1217,366
1303,366
1343,366
1785,366
1817,366
1933,366
109,367
163,367
220,367
319,367
542,367
693,367
739,367
866,367
918,367
952,367
1218,367
1302,367
1342,367
1462,367
1509,367
1784,367
1818,367
1867,367
1933,367
109,368
162,368
220,368
255,368
320,368
541,368
693,368
739,368
866,368
917,368
952,368
1189,368
1219,368
1302,368
1342,368
1461,368
1508,368
1783,368
1818,368
1867,368
1933,368
109,369
163,369
219,369
257,369
320,369
541,369
694,369
738,369
865,369
917,369
954,369
1189,369
1219,369
1302,369
1342,369
1460,369
1507,369
1783,369
1819,369
1868,369
1933,369
108,370
163,370
220,370
257,370
320,370
541,370
604,370
694,370
738,370
864,370
917,370
955,370
1189,370
1220,370
1301,370
1341,370
1459,370
1506,370
1544,370
1782,370
1819,370
1870,370
1932,370
108,371
163,371
220,371
258,371
320,371
542,371
606,371
695,371
739,371
763,371
864,371
916,371
955,371
1189,371
1220,371
1300,371
1341,371
1458,371
1505,371
1546,371
1781,371
1819,371
1870,371
1932,371
72,372
107,372
162,372
219,372
259,372
320,372
416,372
542,372
607,372
696,372
740,372
763,372
863,372
915,372
956,372
1188,372
1221,372
1299,372
1341,372
1458,372
1505,372
1547,372
1595,372
1782,372
1819,372
1870,372
1932,372
73,373
108,373
162,373
217,373
260,373
321,373
418,373
469,373
542,373
585,373
606,373
698,373
741,373
763,373
863,373
914,373
956,373
1188,373
1221,373
1299,373
1341,373
1457,373
1504,373
1547,373
1597,373
1701,373
1781,373
1819,373
1871,373
1932,373
73,374
108,374
162,374
260,374
321,374
417,374
471,374
541,374
584,374
606,374
700,374
753,374
862,374
957,374
1039,374
1187,374
1222,374
1299,374
1340,374
1407,374
1457,374
1504,374
1548,374
1598,374
1703,374
1781,374
1820,374
1871,374
1931,374
73,375
108,375
162,375
261,375
322,375
416,375
471,375
541,375
583,375
603,375
700,375
741,375
753,375
765,375
821,375
860,375
958,375
1039,375
1166,375
1185,375
1223,375
1298,375
1340,375
1410,375
1456,375
1504,375
1549,375
1599,375
1701,375
1780,375
1820,375
1872,375
73,376
108,376
163,376
214,376
261,376
321,376
417,376
472,376
594,376
651,376
742,376
766,376
822,376
855,376
861,376
910,376
958,376
1039,376
1079,376
1167,376
1184,376
1224,376
1298,376
1340,376
1411,376
1456,376
1503,376
1550,376
1600,376
1701,376
1780,376
1820,376
1872,376
48,377
73,377
107,377
162,377
216,377
261,377
321,377
418,377
441,377
474,377
585,377
604,377
627,377
652,377
742,377
766,377
823,377
906,377
959,377
1039,377
1081,377
1115,377
1168,377
1184,377
1229,377
1292,377
1340,377
1410,377
1456,377
1503,377
1550,377
1601,377
1701,377
1724,377
1779,377
1820,377
1872,377
47,378
73,378
162,378
265,378
282,378
322,378
418,378
443,378
474,378
582,378
603,378
627,378
653,378
706,378
766,378
823,378
845,378
853,378
904,378
958,378
1038,378
1081,378
1114,378
1140,378
1167,378
1186,378
1229,378
1409,378
1456,378
1503,378
1550,378
1601,378
1702,378
1724,378
1780,378
1819,378
1872,378
48,379
70,379
210,379
263,379
272,379
282,379
420,379
443,379
475,379
581,379
604,379
626,379
653,379
706,379
767,379
822,379
849,379
905,379
959,379
1037,379
1081,379
1114,379
1140,379
1166,379
1230,379
1237,379
1409,379
1454,379
1503,379
1551,379
1602,379
1704,379
1725,379
1778,379
1819,379
1873,379
48,380
68,380
105,380
208,380
264,380
280,380
432,380
475,380
581,380
626,380
654,380
707,380
766,380
798,380
822,380
846,380
904,380
960,380
1037,380
1081,380
1113,380
1141,380
1165,380
1237,380
1285,380
1408,380
1453,380
1503,380
1552,380
1602,380
1704,380
1723,380
1873,380
50,381
70,381
105,381
208,381
281,381
420,381
442,381
476,381
542,381
583,381
640,381
706,381
766,381
798,381
822,381
845,381
904,381
1014,381
1035,381
1058,381
1080,381
1113,381
1141,381
1164,381
1238,381
1285,381
1385,381
1407,381
1448,381
1502,381
1552,381
1603,381
1703,381
1724,381
1873,381
46,382
67,382
106,382
207,382
283,382
422,382
443,382
477,382
543,382
628,382
653,382
706,382
797,382
811,382
822,382
844,382
903,382
1014,382
1035,382
1057,382
1080,382
1112,382
1141,382
1163,382
1238,382
1284,382
1386,382
1405,382
1503,382
1553,382
1604,382
1705,382
1710,382
1726,382
1874,382
1927,382
45,383
69,383
108,383
162,383
207,383
285,383
420,383
445,383
477,383
485,383
494,383
625,383
640,383
652,383
707,383
808,383
844,383
902,383
1014,383
1024,383
1034,383
1057,383
1076,383
1127,383
1163,383
1238,383
1283,383
1334,383
1386,383
1404,383
1554,383
1603,383
1727,383
1873,383
1928,383
45,384
163,384
207,384
285,384
446,384
478,384
487,384
494,384
542,384
625,384
651,384
707,384
798,384
820,384
844,384
901,384
965,384
970,384
1016,384
1034,384
1059,384
1078,384
1114,384
1142,384
1162,384
1239,384
1283,384
1332,384
1388,384
1406,384
1441,384
1497,384
1604,384
1727,384
1772,384
1821,384
1928,384
44,385
102,385
207,385
285,385
447,385
492,385
541,385
625,385
650,385
707,385
796,385
819,385
843,385
901,385
970,385
1013,385
1024,385
1059,385
1078,385
1114,385
1142,385
1160,385
1239,385
1282,385
1332,385
1387,385
1405,385
1441,385
1559,385
1605,385
1725,385
1772,385
1927,385
44,386
101,386
159,386
206,386
286,386
330,386
447,386
494,386
541,386
626,386
651,386
708,386
795,386
842,386
901,386
971,386
1012,386
1055,386
1077,386
1114,386
1141,386
1240,386
1282,386
1331,386
1386,386
1441,386
1558,386
1566,386
1609,386
1771,386
1823,386
1927,386
44,387
101,387
160,387
206,387
287,387
330,387
446,387
496,387
541,387
628,387
708,387
795,387
842,387
900,387
971,387
1012,387
1054,387
1115,387
1140,387
1240,387
1281,387
1331,387
1383,387
1440,387
1495,387
1567,387
1611,387
1770,387
1824,387
1877,387
1927,387
101,388
159,388
205,388
289,388
329,388
496,388
541,388
709,388
794,388
840,388
898,388
971,388
1012,388
1054,388
1117,388
1139,388
1241,388
1281,388
1331,388
1383,388
1439,388
1493,388
1568,388
1618,388
1770,388
1824,388
1927,388
100,389
159,389
206,389
289,389
330,389
497,389
541,389
709,389
795,389
838,389
898,389
971,389
1011,389
1054,389
1242,389
1280,389
1332,389
1382,389
1439,389
1492,389
1568,389
1617,389
1770,389
1824,389
1927,389
100,390
158,390
206,390
288,390
294,390
330,390
497,390
541,390
710,390
795,390
838,390
897,390
972,390
1010,390
1056,390
1243,390
1279,390
1331,390
1382,390
1439,390
1492,390
1569,390
1618,390
1770,390
1824,390
1927,390
100,391
158,391
200,391
206,391
330,391
498,391
541,391
711,391
972,391
1009,391
1244,391
1277,391
1331,391
1382,391
1438,391
1492,391
1569,391
1618,391
1770,391
1825,391
1880,391
1926,391
100,392
158,392
204,392
330,392
499,392
541,392
712,392
973,392
1008,392
1246,392
1277,392
1330,392
1377,392
1382,392
1437,392
1492,392
1570,392
1618,392
1770,392
1825,392
1882,392
1926,392
100,393
158,393
203,393
330,393
500,393
541,393
712,393
973,393
1329,393
1436,393
1492,393
1570,393
1619,393
1769,393
1825,393
1882,393
1925,393
100,394
159,394
202,394
331,394
502,394
541,394
713,394
974,394
1329,394
1436,394
1491,394
1570,394
1620,394
1768,394
1825,394
1882,394
1926,394
99,395
158,395
203,395
332,395
541,395
975,395
1329,395
1434,395
1490,395
1571,395
1620,395
1767,395
1825,395
1882,395
1925,395
99,396
158,396
333,396
541,396
976,396
1328,396
1433,396
1490,396
1572,396
1620,396
1767,396
1825,396
1882,396
1924,396
98,397
157,397
333,397
541,397
978,397
1328,397
1433,397
1489,397
1573,397
1622,397
1766,397
1826,397
1883,397
1924,397
98,398
157,398
333,398
541,398
978,398
1326,398
1490,398
1575,398
1623,398
1765,398
1826,398
1883,398
1924,398
98,399
158,399
333,399
541,399
1326,399
1489,399
1575,399
1624,399
1764,399
1826,399
1883,399
98,400
158,400
334,400
542,400
1488,400
1625,400
1826,400
1883,400
98,401
157,401
335,401
1487,401
1625,401
1826,401
1884,401
98,402
157,402
335,402
1486,402
1827,402
1884,402
97,403
157,403
1485,403
1885,403
157,404
1885,404
1886,405
1886,406
1886,407
262,445
260,447
259,449
258,450
257,451
257,452
278,459
1104,467
1112,468
1109,470
1107,471
1107,472
1107,473
1114,480
1129,480
41,490
100,490
97,491
41,492
93,492
94,493
303,512
298,514
303,515
296,516
294,518
623,537
93,538
622,538
92,539
623,539
1910,539
92,540
552,540
623,540
1910,540
91,541
552,541
623,541
1910,541
90,542
553,542
623,542
1053,542
1910,542
90,543
420,543
555,543
624,543
956,543
1054,543
1910,543
90,544
419,544
554,544
624,544
956,544
988,544
1053,544
1858,544
1910,544
90,545
418,545
555,545
624,545
825,545
878,545
954,545
989,545
1054,545
1483,545
1857,545
1911,545
89,546
150,546
417,546
555,546
624,546
825,546
878,546
954,546
989,546
1053,546
1482,546
1857,546
1911,546
88,547
151,547
417,547
555,547
624,547
825,547
878,547
953,547
989,547
1053,547
1482,547
1789,547
1856,547
1911,547
88,548
149,548
281,548
416,548
556,548
624,548
827,548
879,548
953,548
990,548
1053,548
1323,548
1483,548
1643,548
1790,548
1857,548
1911,548
88,549
149,549
282,549
416,549
557,549
624,549
827,549
880,549
953,549
990,549
1052,549
1323,549
1483,549
1643,549
1791,549
1857,549
1911,549
88,550
148,550
284,550
416,550
557,550
624,550
827,550
880,550
952,550
990,550
1052,550
1222,550
1323,550
1483,550
1643,550
1793,550
1857,550
1911,550
88,551
147,551
285,551
415,551
557,551
624,551
827,551
880,551
951,551
991,551
1053,551
1222,551
1324,551
1482,551
1644,551
1706,551
1793,551
1856,551
1911,551
49,552
88,552
147,552
285,552
414,552
558,552
624,552
828,552
880,552
951,552
991,552
1052,552
1221,552
1323,552
1482,552
1644,552
1705,552
1794,552
1856,552
1911,552
47,553
87,553
146,553
178,553
286,553
414,553
558,553
624,553
797,553
828,553
881,553
950,553
991,553
1052,553
1221,553
1272,553
1324,553
1411,553
1482,553
1644,553
1703,553
1763,553
1794,553
1856,553
1911,553
87,554
145,554
180,554
287,554
414,554
559,554
625,554
796,554
829,554
881,554
950,554
991,554
1052,554
1220,554
1271,554
1323,554
1414,554
1483,554
1594,554
1645,554
1703,554
1761,554
1795,554
1856,554
1912,554
43,555
88,555
145,555
181,555
261,555
266,555
288,555
415,555
559,555
625,555
795,555
829,555
882,555
951,555
991,555
1052,555
1220,555
1271,555
1323,555
1415,555
1483,555
1594,555
1644,555
1702,555
1761,555
1795,555
1856,555
1911,555
88,556
144,556
181,556
265,556
288,556
415,556
559,556
794,556
829,556
881,556
951,556
991,556
1052,556
1218,556
1271,556
1323,556
1416,556
1482,556
1593,556
1645,556
1701,556
1759,556
1796,556
1856,556
1911,556
143,557
182,557
265,557
288,557
367,557
414,557
531,557
794,557
829,557
882,557
950,557
991,557
1052,557
1218,557
1270,557
1324,557
1417,557
1482,557
1593,557
1645,557
1701,557
1759,557
1796,557
1855,557
1912,557
144,558
183,558
264,558
289,558
365,558
414,558
453,558
532,558
793,558
829,558
882,558
950,558
992,558
1052,558
1217,558
1269,558
1324,558
1417,558
1482,558
1592,558
1645,558
1700,558
1758,558
1796,558
1855,558
129,559
137,559
183,559
263,559
289,559
365,559
413,559
450,559
473,559
532,559
564,559
627,559
793,559
830,559
882,559
948,559
992,559
1052,559
1217,559
1268,559
1323,559
1418,559
1482,559
1592,559
1645,559
1700,559
1758,559
1797,559
1855,559
131,560
184,560
263,560
289,560
364,560
413,560
451,560
472,560
531,560
564,560
627,560
792,560
992,560
1052,560
1217,560
1268,560
1323,560
1419,560
1482,560
1553,560
1591,560
1645,560
1699,560
1757,560
1798,560
1854,560
87,561
128,561
184,561
262,561
291,561
363,561
450,561
474,561
531,561
664,561
689,561
745,561
791,561
1216,561
1268,561
1324,561
1420,561
1482,561
1551,561
1591,561
1645,561
1699,561
1756,561
1976,561
85,562
90,562
128,562
185,562
240,562
262,562
291,562
362,562
450,562
463,562
475,562
530,562
665,562
689,562
748,562
791,562
1216,562
1267,562
1324,562
1420,562
1482,562
1551,562
1591,562
1645,562
1698,562
1755,562
1802,562
1977,562
127,563
187,563
241,563
252,563
261,563
296,563
362,563
463,563
509,563
529,563
568,563
664,563
690,563
748,563
791,563
885,563
1216,563
1267,563
1324,563
1420,563
1550,563
1590,563
1645,563
1698,563
1755,563
1803,563
1977,563
83,564
127,564
186,564
195,564
203,564
240,564
251,564
260,564
297,564
361,564
411,564
452,564
474,564
509,564
527,564
569,564
628,564
664,564
690,564
748,564
791,564
1215,564
1267,564
1323,564
1420,564
1550,564
1590,564
1645,564
1697,564
1753,564
1800,564
1910,564
1976,564
81,565
126,565
196,565
203,565
240,565
260,565
299,565
343,565
359,565
452,565
475,565
508,565
526,565
569,565
629,565
663,565
690,565
748,565
791,565
886,565
940,565
1215,565
1267,565
1422,565
1549,565
1590,565
1691,565
1736,565
1746,565
1755,565
1809,565
1852,565
1974,565
81,566
126,566
203,566
240,566
303,566
345,566
353,566
361,566
452,566
476,566
511,566
527,566
570,566
629,566
677,566
724,566
747,566
787,566
791,566
888,566
942,566
1267,566
1421,566
1548,566
1590,566
1690,566
1738,566
1745,566
1810,566
1974,566
81,567
125,567
204,567
239,567
304,567
346,567
355,567
407,567
454,567
476,567
508,567
527,567
569,567
628,567
663,567
679,567
691,567
724,567
746,567
836,567
889,567
941,567
1266,567
1547,567
1589,567
1684,567
1739,567
1810,567
1912,567
1973,567
81,568
124,568
205,568
239,568
304,568
344,568
407,568
475,568
507,568
569,568
629,568
663,568
691,568
724,568
743,568
835,568
889,568
941,568
997,568
1050,568
1265,568
1323,568
1428,568
1546,568
1589,568
1684,568
1737,568
1810,568
1851,568
1913,568
1952,568
1972,568
81,569
122,569
205,569
238,569
304,569
343,569
406,569
506,569
569,569
628,569
664,569
690,569
726,569
745,569
786,569
835,569
888,569
940,569
997,569
1050,569
1431,569
1527,569
1545,569
1587,569
1684,569
1736,569
1811,569
1851,569
1913,569
1952,569
1962,569
1973,569
80,570
123,570
205,570
237,570
305,570
343,570
405,570
505,570
570,570
629,570
664,570
689,570
723,570
736,570
744,570
780,570
836,570
889,570
940,570
997,570
1050,570
1434,570
1526,570
1536,570
1546,570
1683,570
1735,570
1811,570
1852,570
1913,570
1953,570
1972,570
80,571
120,571
206,571
238,571
306,571
342,571
404,571
409,571
505,571
571,571
629,571
665,571
688,571
722,571
744,571
780,571
836,571
890,571
939,571
996,571
1049,571
1207,571
1261,571
1435,571
1481,571
1526,571
1535,571
1546,571
1683,571
1735,571
1811,571
1851,571
1913,571
1951,571
1973,571
80,572
207,572
306,572
338,572
345,572
403,572
409,572
505,572
571,572
629,572
722,572
779,572
836,572
890,572
940,572
996,572
1049,572
1204,572
1322,572
1435,572
1481,572
1528,572
1584,572
1648,572
1683,572
1734,572
1812,572
1851,572
1913,572
1950,572
80,573
207,573
307,573
337,573
344,573
406,573
506,573
571,573
629,573
721,573
779,573
836,573
890,573
940,573
997,573
1049,573
1204,573
1323,573
1436,573
1480,573
1525,573
1583,573
1648,573
1682,573
1734,573
1813,573
1851,573
1913,573
1949,573
80,574
209,574
308,574
342,574
403,574
572,574
629,574
721,574
779,574
836,574
890,574
939,574
997,574
1049,574
1204,574
1259,574
1323,574
1436,574
1480,574
1524,574
1648,574
1682,574
1732,574
1813,574
1851,574
1913,574
1949,574
80,575
210,575
308,575
339,575
402,575
573,575
629,575
722,575
778,575
837,575
890,575
939,575
997,575
1050,575
1203,575
1257,575
1323,575
1436,575
1481,575
1524,575
1582,575
1648,575
1681,575
1732,575
1814,575
1851,575
1913,575
1948,575
79,576
207,576
213,576
309,576
402,576
408,576
573,576
630,576
778,576
838,576
891,576
938,576
997,576
1050,576
1203,576
1256,576
1323,576
1437,576
1481,576
1523,576
1581,576
1648,576
1680,576
1730,576
1815,576
1851,576
1913,576
1948,576
79,577
305,577
311,577
402,577
574,577
630,577
778,577
838,577
892,577
937,577
997,577
1049,577
1203,577
1256,577
1323,577
1438,577
1481,577
1522,577
1580,577
1648,577
1680,577
1730,577
1816,577
1851,577
1913,577
1947,577
79,578
311,578
401,578
575,578
630,578
777,578
838,578
892,578
937,578
998,578
1049,578
1202,578
1256,578
1323,578
1438,578
1481,578
1521,578
1580,578
1648,578
1678,578
1817,578
1850,578
1913,578
79,579
312,579
401,579
406,579
576,579
630,579
777,579
838,579
892,579
937,579
998,579
1049,579
1202,579
1256,579
1323,579
1439,579
1481,579
1520,579
1580,579
1648,579
1678,579
1850,579
1914,579
79,580
313,580
576,580
630,580
775,580
839,580
892,580
936,580
999,580
1049,580
1202,580
1256,580
1323,580
1440,580
1480,580
1521,580
1580,580
1649,580
1675,580
1850,580
1914,580
78,581
404,581
631,581
775,581
841,581
892,581
935,581
999,581
1049,581
1200,581
1256,581
1323,581
1442,581
1480,581
1520,581
1580,581
1649,581
1849,581
1913,581
78,582
403,582
631,582
775,582
840,582
999,582
1049,582
1200,582
1255,582
1323,582
1480,582
1579,582
1649,582
1849,582
1913,582
77,583
403,583
774,583
999,583
1049,583
1199,583
1255,583
1323,583
1480,583
1579,583
1649,583
1848,583
1913,583
772,584
1000,584
1048,584
1199,584
1254,584
1323,584
1480,584
1579,584
1648,584
1848,584
1913,584
1000,585
1048,585
1198,585
1253,585
1323,585
1480,585
1578,585
1650,585
1849,585
1914,585
1048,586
1197,586
1253,586
1323,586
1479,586
1578,586
1649,586
1253,587
1323,587
1479,587
1577,587
1649,587
1252,588
1322,588
1480,588
1576,588
1649,588
1250,589
1322,589
1576,589
1574,590
378,628
377,629
376,630
485,672
479,673
480,674
442,723
442,724
443,725
443,726
981,726
443,727
981,727
1406,727
217,728
443,728
914,728
980,728
1406,728
217,729
271,729
442,729
556,729
914,729
980,729
1406,729
218,730
272,730
334,730
442,730
556,730
916,730
981,730
1406,730
219,731
272,731
334,731
442,731
555,731
657,731
916,731
981,731
1227,731
1405,731
1629,731
1771,731
219,732
272,732
333,732
389,732
443,732
555,732
657,732
917,732
981,732
1084,732
1229,732
1405,732
1629,732
1771,732
191,733
220,733
273,733
333,733
388,733
443,733
555,733
656,733
917,733
980,733
1085,733
1205,733
1230,733
1405,733
1628,733
1772,733
191,734
221,734
274,734
332,734
387,734
442,734
555,734
656,734
917,734
980,734
1085,734
1157,734
1205,734
1230,734
1405,734
1627,734
1772,734
1872,734
189,735
221,735
273,735
333,735
387,735
442,735
554,735
612,735
656,735
695,735
918,735
979,735
1085,735
1155,735
1203,735
1231,735
1405,735
1627,735
1737,735
1773,735
1874,735
188,736
221,736
273,736
332,736
388,736
443,736
478,736
554,736
611,736
656,736
695,736
919,736
980,736
1048,736
1085,736
1154,736
1202,736
1232,736
1405,736
1626,736
1736,736
1773,736
1875,736
188,737
221,737
275,737
331,737
387,737
443,737
480,737
553,737
611,737
656,737
696,737
919,737
980,737
1048,737
1085,737
1153,737
1202,737
1233,737
1366,737
1404,737
1625,737
1736,737
1774,737
1877,737
187,738
221,738
272,738
278,738
331,738
386,738
443,738
480,738
554,738
610,738
656,738
697,738
919,738
980,738
1046,738
1085,738
1152,738
1201,738
1234,738
1363,738
1404,738
1625,738
1735,738
1774,738
1824,738
1877,738
186,739
222,739
276,739
330,739
386,739
443,739
481,739
553,739
609,739
655,739
698,739
919,739
979,739
1046,739
1085,739
1151,739
1201,739
1234,739
1362,739
1405,739
1624,739
1736,739
1774,739
1821,739
1878,739
185,740
222,740
279,740
329,740
386,740
443,740
477,740
485,740
553,740
609,740
655,740
698,740
745,740
919,740
979,740
1045,740
1086,740
1150,740
1201,740
1234,740
1361,740
1405,740
1623,740
1736,740
1774,740
1822,740
1879,740
184,741
222,741
278,741
283,741
328,741
335,741
386,741
443,741
481,741
553,741
608,741
656,741
699,741
745,741
801,741
806,741
858,741
920,741
979,741
1044,741
1086,741
1150,741
1200,741
1235,741
1360,741
1404,741
1623,741
1691,741
1735,741
1775,741
1823,741
1879,741
184,742
221,742
284,742
334,742
386,742
444,742
482,742
552,742
607,742
656,742
699,742
746,742
803,742
857,742
920,742
981,742
1043,742
1086,742
1150,742
1199,742
1235,742
1360,742
1404,742
1623,742
1689,742
1735,742
1775,742
1824,742
1880,742
127,743
184,743
290,743
334,743
385,743
482,743
552,743
588,743
606,743
656,743
700,743
747,743
804,743
856,743
881,743
921,743
1043,743
1086,743
1149,743
1199,743
1235,743
1359,743
1405,743
1622,743
1690,743
1734,743
1775,743
1825,743
1880,743
128,744
184,744
290,744
332,744
385,744
483,744
552,744
586,744
606,744
656,744
700,744
747,744
804,744
855,744
881,744
1042,744
1086,744
1148,744
1198,744
1236,744
1358,744
1405,744
1475,744
1622,744
1689,744
1734,744
1775,744
1825,744
1881,744
76,745
80,745
128,745
184,745
228,745
291,745
331,745
385,745
481,745
488,745
552,745
590,745
606,745
656,745
700,745
748,745
805,745
856,745
882,745
1041,745
1086,745
1143,745
1149,745
1198,745
1236,745
1358,745
1404,745
1476,745
1622,745
1687,745
1735,745
1775,745
1825,745
1844,745
1882,745
78,746
128,746
183,746
292,746
333,746
385,746
444,746
482,746
553,746
586,746
607,746
655,746
701,746
749,746
806,746
857,746
882,746
925,746
1041,746
1086,746
1134,746
1140,746
1149,746
1198,746
1237,746
1357,746
1404,746
1475,746
1621,746
1687,746
1734,746
1775,746
1827,746
1846,746
1883,746
78,747
127,747
182,747
229,747
292,747
332,747
385,747
444,747
483,747
501,747
552,747
585,747
656,747
701,747
750,747
768,747
806,747
871,747
978,747
1041,747
1086,747
1133,747
1198,747
1356,747
1475,747
1558,747
1582,747
1621,747
1686,747
1734,747
1775,747
1826,747
1836,747
1848,747
1882,747
1888,747
78,748
127,748
230,748
292,748
331,748
385,748
501,748
552,748
585,748
702,748
749,748
759,748
769,748
808,748
826,748
858,748
883,748
1041,748
1086,748
1133,748
1198,748
1242,748
1355,748
1474,748
1556,748
1583,748
1615,748
1686,748
1733,748
1776,748
1827,748
1847,748
1889,748
1958,748
77,749
106,749
126,749
231,749
293,749
331,749
385,749
501,749
584,749
750,749
767,749
810,749
826,749
858,749
884,749
928,749
1041,749
1133,749
1197,749
1242,749
1337,749
1347,749
1357,749
1473,749
1556,749
1584,749
1685,749
1733,749
1847,749
1891,749
1898,749
1959,749
77,750
105,750
123,750
178,750
231,750
293,750
502,750
583,750
752,750
769,750
807,750
825,750
858,750
884,750
929,750
978,750
1040,750
1132,750
1194,750
1243,750
1288,750
1308,750
1339,750
1347,750
1473,750
1556,750
1584,750
1615,750
1686,750
1734,750
1848,750
1898,750
1959,750
77,751
107,751
124,751
176,751
231,751
294,751
445,751
502,751
583,751
655,751
770,751
809,751
827,751
860,751
884,751
930,751
977,751
1040,751
1132,751
1247,751
1287,751
1309,751
1340,751
1403,751
1454,751
1470,751
1556,751
1583,751
1609,751
1613,751
1685,751
1733,751
1849,751
1899,751
1959,751
76,752
106,752
122,752
171,752
231,752
295,752
329,752
445,752
503,752
550,752
582,752
707,752
771,752
828,752
883,752
931,752
977,752
1039,752
1087,752
1132,752
1249,752
1286,752
1309,752
1338,752
1455,752
1470,752
1570,752
1610,752
1684,752
1849,752
1900,752
1936,752
1958,752
103,753
124,753
170,753
231,753
296,753
383,753
444,753
503,753
551,753
581,753
708,753
772,753
829,753
882,753
931,753
977,753
1034,753
1131,753
1249,753
1286,753
1310,753
1337,753
1455,753
1471,753
1556,753
1569,753
1585,753
1609,753
1684,753
1777,753
1851,753
1900,753
1938,753
1958,753
102,754
170,754
231,754
296,754
384,754
445,754
504,754
582,754
712,754
772,754
829,754
930,754
977,754
1130,754
1250,754
1298,754
1337,754
1453,754
1472,754
1556,754
1584,754
1609,754
1682,754
1851,754
1901,754
1936,754
1955,754
102,755
169,755
232,755
297,755
445,755
505,755
655,755
713,755
773,755
830,755
930,755
977,755
1033,755
1129,755
1250,755
1286,755
1310,755
1336,755
1401,755
1452,755
1557,755
1583,755
1608,755
1678,755
1730,755
1852,755
1901,755
1938,755
1957,755
101,756
169,756
233,756
301,756
444,756
504,756
549,756
654,756
712,756
772,756
831,756
931,756
977,756
1128,756
1188,756
1250,756
1287,756
1310,756
1336,756
1402,756
1452,756
1558,756
1582,756
1609,756
1780,756
1852,756
1902,756
1936,756
1957,756
102,757
168,757
233,757
381,757
444,757
504,757
513,757
548,757
654,757
713,757
831,757
931,757
977,757
1027,757
1089,757
1127,757
1186,757
1250,757
1287,757
1310,757
1336,757
1402,757
1451,757
1558,757
1582,757
1608,757
1781,757
1902,757
1934,757
1956,757
102,758
168,758
234,758
326,758
380,758
444,758
505,758
514,758
547,758
654,758
713,758
932,758
976,758
1027,758
1088,758
1126,758
1186,758
1251,758
1288,758
1308,758
1334,758
1402,758
1450,758
1607,758
1672,758
1782,758
1903,758
1934,758
167,759
235,759
380,759
445,759
506,759
513,759
547,759
655,759
714,759
933,759
977,759
1026,759
1088,759
1186,759
1252,759
1310,759
1334,759
1401,759
1450,759
1607,759
1672,759
1729,759
1782,759
1905,759
1934,759
167,760
236,760
380,760
445,760
547,760
654,760
714,760
933,760
977,760
1026,760
1088,760
1186,760
1252,760
1333,760
1401,760
1450,760
1606,760
1670,760
1728,760
1782,760
1905,760
1934,760
166,761
236,761
380,761
445,761
547,761
654,761
714,761
933,761
977,761
1026,761
1089,761
1186,761
1253,761
1330,761
1401,761
1450,761
1606,761
1671,761
1728,761
1782,761
1907,761
1936,761
167,762
237,762
329,762
380,762
445,762
547,762
654,762
715,762
934,762
976,762
1026,762
1089,762
1185,762
1253,762
1328,762
1401,762
1606,762
1670,762
1728,762
1782,762
1907,762
165,763
330,763
379,763
445,763
547,763
654,763
716,763
935,763
976,763
1025,763
1089,763
1185,763
1254,763
1401,763
1604,763
1670,763
1729,763
1783,763
164,764
331,764
379,764
445,764
547,764
654,764
717,764
936,764
976,764
1024,764
1089,764
1185,764
1256,764
1401,764
1603,764
1670,764
1728,764
1783,764
163,765
379,765
445,765
546,765
654,765
718,765
937,765
977,765
1024,765
1089,765
1184,765
1257,765
1401,765
1602,765
1669,765
1728,765
1783,765
163,766
322,766
379,766
446,766
546,766
654,766
719,766
976,766
1024,766
1089,766
1184,766
1401,766
1601,766
1668,766
1728,766
1783,766
162,767
322,767
379,767
446,767
545,767
654,767
719,767
1023,767
1090,767
1182,767
1401,767
1600,767
1668,767
1728,767
1783,767
378,768
446,768
546,768
654,768
1023,768
1090,768
1182,768
1401,768
1667,768
1727,768
1783,768
378,769
446,769
546,769
654,769
1021,769
1089,769
1182,769
1401,769
1666,769
1727,769
1784,769
377,770
446,770
545,770
655,770
1021,770
1090,770
1181,770
1400,770
1665,770
1727,770
1784,770
378,771
545,771
654,771
1020,771
1089,771
1180,771
1400,771
1663,771
1726,771
1785,771
324,772
378,772
544,772
1019,772
1091,772
1179,772
1400,772
1663,772
1725,772
1784,772
324,773
378,773
544,773
1019,773
1090,773
1179,773
1399,773
1725,773
1785,773
325,774
377,774
545,774
1399,774
1725,774
1785,774
324,775
376,775
544,775
1725,775
544,776
122,796
120,797
117,800
116,801
116,802
134,805
327,837
356,841
362,845
355,850
353,853
418,908
418,909
418,910
1334,910
418,911
908,911
1334,911
1712,911
195,912
418,912
909,912
1335,912
1712,912
196,913
418,913
700,913
907,913
1008,913
1335,913
1712,913
197,914
419,914
700,914
907,914
1008,914
1334,914
1401,914
1712,914
198,915
413,915
419,915
699,915
735,915
906,915
1008,915
1334,915
1400,915
1712,915
198,916
413,916
419,916
700,916
735,916
906,916
1008,916
1334,916
1399,916
1711,916
199,917
413,917
419,917
699,917
735,917
906,917
1009,917
1333,917
1399,917
1610,917
1711,917
199,918
414,918
420,918
698,918
735,918
905,918
1010,918
1334,918
1399,918
1609,918
1711,918
200,919
414,919
420,919
620,919
698,919
736,919
904,919
1009,919
1207,919
1334,919
1398,919
1608,919
1711,919
165,920
201,920
414,920
419,920
621,920
697,920
736,920
904,920
1009,920
1208,920
1333,920
1398,920
1444,920
1607,920
1711,920
1850,920
168,921
201,921
414,921
419,921
622,921
697,921
736,921
904,921
1009,921
1128,921
1191,921
1209,921
1333,921
1397,921
1444,921
1607,921
1710,921
1851,921
170,922
202,922
414,922
418,922
623,922
698,922
736,922
904,922
1009,922
1047,922
1129,922
1190,922
1210,922
1259,922
1333,922
1396,922
1443,922
1501,922
1606,922
1710,922
1853,922
170,923
202,923
322,923
415,923
419,923
625,923
697,923
736,923
903,923
1010,923
1048,923
1127,923
1189,923
1212,923
1261,923
1333,923
1396,923
1442,923
1500,923
1605,923
1710,923
1854,923
2036,923
145,924
169,924
202,924
300,924
323,924
417,924
625,924
697,924
737,924
780,924
903,924
1010,924
1048,924
1126,924
1188,924
1212,924
1262,924
1333,924
1396,924
1442,924
1499,924
1605,924
1709,924
1856,924
1952,924
1956,924
2035,924
145,925
169,925
202,925
299,925
325,925
626,925
696,925
737,925
782,925
903,925
1010,925
1049,925
1125,925
1186,925
1213,925
1264,925
1333,925
1396,925
1442,925
1499,925
1604,925
1710,925
1856,925
1905,925
1953,925
2035,925
106,926
144,926
167,926
203,926
298,926
325,926
626,926
696,926
737,926
780,926
903,926
964,926
1010,926
1050,926
1125,926
1186,926
1213,926
1264,926
1332,926
1396,926
1441,926
1498,926
1604,926
1710,926
1857,926
1908,926
1955,926
2035,926
108,927
144,927
164,927
203,927
298,927
325,927
626,927
696,927
737,927
781,927
805,927
903,927
965,927
1010,927
1050,927
1124,927
1185,927
1214,927
1264,927
1332,927
1395,927
1441,927
1498,927
1604,927
1709,927
1777,927
1857,927
1910,927
1955,927
2035,927
109,928
144,928
157,928
167,928
203,928
297,928
322,928
374,928
567,928
627,928
696,928
737,928
781,928
807,928
900,928
965,928
1010,928
1050,928
1071,928
1124,928
1184,928
1214,928
1265,928
1395,928
1440,928
1497,928
1604,928
1709,928
1775,928
1858,928
1911,928
1956,928
2034,928
110,929
143,929
166,929
300,929
325,929
374,929
567,929
591,929
628,929
696,929
737,929
781,929
807,929
964,929
1011,929
1052,929
1074,929
1123,929
1184,929
1215,929
1266,929
1394,929
1439,929
1496,929
1604,929
1709,929
1775,929
1858,929
1911,929
1956,929
2034,929
110,930
142,930
167,930
209,930
297,930
324,930
351,930
374,930
491,930
566,930
593,930
627,930
738,930
782,930
795,930
809,930
898,930
942,930
963,930
1051,930
1063,930
1074,930
1123,930
1183,930
1215,930
1267,930
1395,930
1439,930
1496,930
1603,930
1670,930
1676,930
1773,930
1860,930
1912,930
1957,930
2034,930
109,931
142,931
209,931
297,931
324,931
352,931
375,931
491,931
565,931
593,931
629,931
738,931
795,931
898,931
941,931
962,931
1052,931
1073,931
1122,931
1183,931
1215,931
1268,931
1394,931
1439,931
1495,931
1602,931
1674,931
1706,931
1773,931
1859,931
1913,931
1958,931
2033,931
109,932
142,932
297,932
324,932
351,932
375,932
490,932
565,932
595,932
636,932
737,932
784,932
809,932
941,932
960,932
1053,932
1075,932
1122,932
1183,932
1216,932
1270,932
1439,932
1495,932
1603,932
1672,932
1772,932
1860,932
1914,932
1958,932
2033,932
142,933
212,933
297,933
322,933
351,933
371,933
416,933
491,933
580,933
642,933
692,933
737,933
784,933
810,933
943,933
962,933
1075,933
1122,933
1181,933
1220,933
1267,933
1276,933
1284,933
1439,933
1496,933
1559,933
1671,933
1772,933
1861,933
1914,933
1960,933
2033,933
143,934
213,934
299,934
351,934
373,934
416,934
490,934
566,934
578,934
594,934
642,934
738,934
783,934
810,934
939,934
961,934
1076,934
1120,934
1176,934
1182,934
1221,934
1275,934
1283,934
1329,934
1389,934
1438,934
1495,934
1559,934
1596,934
1671,934
1772,934
1794,934
1860,934
1866,934
1914,934
1962,934
1980,934
2033,934
214,935
350,935
372,935
416,935
468,935
490,935
566,935
594,935
643,935
739,935
785,935
810,935
894,935
939,935
962,935
1077,935
1174,935
1284,935
1329,935
1389,935
1436,935
1494,935
1558,935
1671,935
1771,935
1795,935
1868,935
1915,935
1961,935
1968,935
1978,935
2032,935
215,936
349,936
372,936
416,936
468,936
488,936
566,936
594,936
643,936
691,936
811,936
894,936
939,936
1078,936
1167,936
1227,936
1285,936
1329,936
1494,936
1557,936
1670,936
1770,936
1795,936
1874,936
1916,936
1960,936
1971,936
1980,936
2032,936
215,937
349,937
371,937
415,937
468,937
487,937
567,937
594,937
643,937
690,937
740,937
809,937
893,937
938,937
1014,937
1078,937
1167,937
1227,937
1285,937
1329,937
1556,937
1592,937
1669,937
1770,937
1795,937
1819,937
1876,937
1916,937
1922,937
1979,937
2032,937
215,938
349,938
415,938
468,938
488,938
568,938
592,938
644,938
689,938
740,938
810,938
893,938
938,938
1014,938
1079,938
1167,938
1228,938
1285,938
1328,938
1387,938
1534,938
1556,938
1591,938
1650,938
1666,938
1704,938
1770,938
1795,938
1819,938
1876,938
1922,938
1980,938
2032,938
215,939
350,939
415,939
467,939
487,939
590,939
645,939
688,939
893,939
938,939
1013,939
1078,939
1110,939
1167,939
1229,939
1287,939
1329,939
1385,939
1534,939
1553,939
1591,939
1650,939
1665,939
1704,939
1769,939
1796,939
1821,939
1877,939
1930,939
1981,939
2029,939
215,940
415,940
466,940
645,940
689,940
893,940
941,940
1014,940
1108,940
1166,940
1229,940
1287,940
1329,940
1385,940
1429,940
1486,940
1536,940
1555,940
1591,940
1650,940
1668,940
1703,940
1765,940
1770,940
1799,940
1821,940
1878,940
1930,940
1981,940
215,941
415,941
466,941
646,941
689,941
893,941
1014,941
1109,941
1165,941
1229,941
1288,941
1328,941
1385,941
1430,941
1484,941
1533,941
1554,941
1591,941
1649,941
1703,941
1762,941
1799,941
1819,941
1878,941
1931,941
1982,941
217,942
415,942
465,942
647,942
689,942
892,942
1014,942
1108,942
1165,942
1229,942
1289,942
1329,942
1385,942
1429,942
1483,942
1532,942
1555,942
1591,942
1648,942
1703,942
1799,942
1821,942
1879,942
1932,942
1983,942
217,943
412,943
417,943
464,943
648,943
688,943
742,943
892,943
1014,943
1108,943
1164,943
1229,943
1289,943
1329,943
1385,943
1428,943
1483,943
1532,943
1590,943
1648,943
1703,943
1799,943
1823,943
1879,943
1932,943
1984,943
217,944
412,944
417,944
466,944
652,944
688,944
742,944
891,944
1014,944
1108,944
1164,944
1230,944
1287,944
1292,944
1328,944
1385,944
1428,944
1483,944
1531,944
1590,944
1647,944
1703,944
1757,944
1800,944
1823,944
1880,944
1932,944
1984,944
218,945
417,945
688,945
742,945
891,945
1014,945
1107,945
1163,945
1232,945
1328,945
1384,945
1429,945
1483,945
1530,945
1589,945
1646,945
1703,945
1756,945
1824,945
1880,945
1932,945
1985,945
219,946
417,946
687,946
742,946
891,946
1015,946
1107,946
1162,946
1232,946
1327,946
1384,946
1428,946
1483,946
1530,946
1588,946
1645,946
1703,946
1756,946
1823,946
1881,946
1934,946
1984,946
1989,946
2024,946
220,947
687,947
743,947
890,947
1015,947
1106,947
1161,947
1233,947
1327,947
1383,947
1427,947
1482,947
1535,947
1588,947
1644,947
1702,947
1755,947
1823,947
1883,947
1934,947
2024,947
222,948
686,948
742,948
890,948
1015,948
1105,948
1159,948
1234,948
1327,948
1383,948
1427,948
1481,948
1588,948
1644,948
1702,948
1755,948
1823,948
1884,948
1935,948
2024,948
222,949
686,949
743,949
889,949
1015,949
1105,949
1327,949
1383,949
1427,949
1481,949
1586,949
1702,949
1755,949
1936,949
2024,949
686,950
742,950
888,950
1015,950
1103,950
1327,950
1382,950
1426,950
1480,950
1585,950
1702,950
1754,950
1937,950
2024,950
686,951
742,951
889,951
1016,951
1102,951
1326,951
1382,951
1426,951
1480,951
1584,951
1701,951
1754,951
2024,951
685,952
743,952
1017,952
1101,952
1381,952
1424,952
1479,952
1701,952
1753,952
2023,952
743,953
1017,953
1380,953
1424,953
1477,953
1700,953
1752,953
2023,953
743,954
1379,954
1423,954
1477,954
1700,954
1750,954
2022,954
744,955
1380,955
1700,955
1750,955
2022,955
744,956
1699,956
1749,956
2022,956
743,957
1748,957
2022,957
745,958
2021,958
745,959
2020,959
745,960
2019,960
745,961
2019,961
746,962
330,1092
331,1093
567,1093
330,1094
567,1094
878,1094
331,1095
567,1095
878,1095
1303,1095
248,1096
332,1096
567,1096
879,1096
1304,1096
247,1097
332,1097
566,1097
675,1097
879,1097
1263,1097
1304,1097
246,1098
333,1098
566,1098
674,1098
879,1098
924,1098
994,1098
1190,1098
1263,1098
1304,1098
247,1099
333,1099
514,1099
565,1099
674,1099
808,1099
879,1099
924,1099
994,1099
1191,1099
1263,1099
1306,1099
246,1100
333,1100
513,1100
565,1100
673,1100
809,1100
879,1100
924,1100
994,1100
1191,1100
1263,1100
1306,1100
245,1101
334,1101
513,1101
565,1101
673,1101
810,1101
880,1101
925,1101
994,1101
1192,1101
1262,1101
1306,1101
1520,1101
1730,1101
1779,1101
244,1102
334,1102
512,1102
565,1102
673,1102
812,1102
880,1102
925,1102
993,1102
1033,1102
1192,1102
1262,1102
1307,1102
1494,1102
1520,1102
1731,1102
1780,1102
243,1103
335,1103
512,1103
565,1103
625,1103
673,1103
813,1103
880,1103
926,1103
993,1103
1033,1103
1193,1103
1263,1103
1306,1103
1492,1103
1521,1103
1731,1103
1781,1103
243,1104
335,1104
511,1104
565,1104
626,1104
673,1104
814,1104
880,1104
927,1104
993,1104
1033,1104
1127,1104
1195,1104
1262,1104
1307,1104
1490,1104
1521,1104
1731,1104
1782,1104
243,1105
335,1105
494,1105
511,1105
564,1105
624,1105
673,1105
814,1105
880,1105
927,1105
993,1105
1034,1105
1129,1105
1195,1105
1262,1105
1308,1105
1490,1105
1521,1105
1595,1105
1732,1105
1783,1105
243,1106
335,1106
495,1106
511,1106
565,1106
624,1106
673,1106
814,1106
880,1106
927,1106
993,1106
1035,1106
1130,1106
1195,1106
1262,1106
1308,1106
1489,1106
1521,1106
1595,1106
1732,1106
1783,1106
243,1107
336,1107
510,1107
565,1107
623,1107
672,1107
752,1107
815,1107
880,1107
927,1107
992,1107
1035,1107
1131,1107
1195,1107
1262,1107
1308,1107
1488,1107
1521,1107
1592,1107
1732,1107
1784,1107
240,1108
336,1108
510,1108
565,1108
623,1108
673,1108
753,1108
816,1108
880,1108
927,1108
992,1108
1036,1108
1132,1108
1195,1108
1262,1108
1308,1108
1487,1108
1522,1108
1592,1108
1733,1108
1784,1108
242,1109
337,1109
510,1109
564,1109
622,1109
673,1109
754,1109
816,1109
880,1109
928,1109
992,1109
1036,1109
1078,1109
1134,1109
1196,1109
1262,1109
1308,1109
1486,1109
1522,1109
1592,1109
1733,1109
1785,1109
241,1110
413,1110
510,1110
621,1110
672,1110
755,1110
817,1110
880,1110
929,1110
992,1110
1036,1110
1079,1110
1134,1110
1196,1110
1262,1110
1309,1110
1406,1110
1486,1110
1522,1110
1590,1110
1733,1110
1785,1110
241,1111
305,1111
413,1111
510,1111
621,1111
672,1111
756,1111
817,1111
880,1111
928,1111
992,1111
1037,1111
1079,1111
1135,1111
1196,1111
1262,1111
1309,1111
1404,1111
1486,1111
1522,1111
1590,1111
1733,1111
1785,1111
241,1112
302,1112
341,1112
414,1112
508,1112
513,1112
621,1112
672,1112
757,1112
818,1112
880,1112
929,1112
992,1112
1037,1112
1082,1112
1135,1112
1196,1112
1261,1112
1309,1112
1404,1112
1429,1112
1484,1112
1522,1112
1589,1112
1733,1112
1785,1112
241,1113
302,1113
341,1113
390,1113
414,1113
509,1113
621,1113
672,1113
758,1113
818,1113
880,1113
928,1113
991,1113
1037,1113
1082,1113
1136,1113
1261,1113
1309,1113
1405,1113
1430,1113
1484,1113
1522,1113
1588,1113
1734,1113
1785,1113
241,1114
295,1114
303,1114
389,1114
414,1114
510,1114
620,1114
672,1114
758,1114
826,1114
881,1114
930,1114
991,1114
1037,1114
1083,1114
1136,1114
1200,1114
1261,1114
1309,1114
1352,1114
1374,1114
1405,1114
1430,1114
1466,1114
1475,1114
1484,1114
1522,1114
1588,1114
1734,1114
1786,1114
299,1115
390,1115
411,1115
620,1115
673,1115
759,1115
827,1115
833,1115
991,1115
1037,1115
1083,1115
1137,1115
1262,1115
1310,1115
1353,1115
1373,1115
1418,1115
1466,1115
1473,1115
1485,1115
1522,1115
1587,1115
1697,1115
1733,1115
1786,1115
298,1116
345,1116
401,1116
439,1116
620,1116
733,1116
759,1116
831,1116
991,1116
1038,1116
1083,1116
1137,1116
1351,1116
1375,1116
1406,1116
1430,1116
1466,1116
1522,1116
1581,1116
1588,1116
1697,1116
1733,1116
298,1117
345,1117
389,1117
412,1117
439,1117
508,1117
561,1117
619,1117
735,1117
760,1117
833,1117
1037,1117
1084,1117
1139,1117
1351,1117
1375,1117
1406,1117
1432,1117
1465,1117
1522,1117
1589,1117
1675,1117
1698,1117
1734,1117
237,1118
297,1118
346,1118
387,1118
411,1118
438,1118
462,1118
508,1118
561,1118
617,1118
734,1118
761,1118
834,1118
881,1118
1085,1118
1144,1118
1204,1118
1351,1118
1373,1118
1407,1118
1432,1118
1464,1118
1522,1118
1573,1118
1579,1118
1619,1118
1675,1118
1698,1118
237,1119
298,1119
346,1119
387,1119
412,1119
438,1119
464,1119
561,1119
733,1119
760,1119
768,1119
834,1119
882,1119
1085,1119
1146,1119
1205,1119
1260,1119
1352,1119
1375,1119
1409,1119
1432,1119
1464,1119
1574,1119
1618,1119
1674,1119
1698,1119
299,1120
347,1120
387,1120
410,1120
438,1120
464,1120
560,1120
616,1120
712,1120
733,1120
761,1120
770,1120
777,1120
834,1120
936,1120
1041,1120
1086,1120
1151,1120
1205,1120
1351,1120
1375,1120
1430,1120
1464,1120
1572,1120
1619,1120
1674,1120
1695,1120
234,1121
299,1121
346,1121
387,1121
452,1121
560,1121
710,1121
731,1121
779,1121
835,1121
937,1121
1086,1121
1152,1121
1206,1121
1351,1121
1373,1121
1431,1121
1463,1121
1572,1121
1619,1121
1674,1121
1696,1121
232,1122
281,1122
288,1122
295,1122
346,1122
389,1122
439,1122
464,1122
503,1122
560,1122
712,1122
730,1122
778,1122
835,1122
937,1122
1086,1122
1153,1122
1206,1122
1316,1122
1352,1122
1374,1122
1429,1122
1462,1122
1522,1122
1572,1122
1620,1122
1672,1122
1696,1122
232,1123
280,1123
288,1123
346,1123
439,1123
463,1123
504,1123
560,1123
610,1123
713,1123
731,1123
779,1123
836,1123
937,1123
1087,1123
1153,1123
1206,1123
1317,1123
1352,1123
1372,1123
1461,1123
1522,1123
1571,1123
1621,1123
1672,1123
1697,1123
232,1124
275,1124
281,1124
347,1124
440,1124
463,1124
503,1124
561,1124
611,1124
670,1124
709,1124
730,1124
780,1124
837,1124
883,1124
937,1124
987,1124
1045,1124
1093,1124
1154,1124
1206,1124
1260,1124
1317,1124
1460,1124
1570,1124
1621,1124
1643,1124
1672,1124
1696,1124
232,1125
282,1125
347,1125
441,1125
462,1125
503,1125
560,1125
610,1125
670,1125
708,1125
731,1125
780,1125
838,1125
883,1125
937,1125
986,1125
1045,1125
1093,1125
1155,1125
1207,1125
1259,1125
1317,1125
1459,1125
1570,1125
1623,1125
1644,1125
1674,1125
231,1126
275,1126
283,1126
348,1126
461,1126
503,1126
560,1126
610,1126
670,1126
708,1126
780,1126
838,1126
883,1126
938,1126
986,1126
1045,1126
1155,1126
1208,1126
1260,1126
1317,1126
1459,1126
1569,1126
1623,1126
1633,1126
1645,1126
1675,1126
231,1127
274,1127
283,1127
349,1127
462,1127
503,1127
559,1127
610,1127
670,1127
707,1127
781,1127
839,1127
883,1127
938,1127
987,1127
1046,1127
1099,1127
1155,1127
1208,1127
1260,1127
1318,1127
1459,1127
1524,1127
1568,1127
1623,1127
1644,1127
231,1128
273,1128
283,1128
349,1128
502,1128
559,1128
609,1128
670,1128
708,1128
782,1128
841,1128
883,1128
938,1128
987,1128
1046,1128
1100,1128
1156,1128
1208,1128
1260,1128
1318,1128
1523,1128
1568,1128
1623,1128
1646,1128
230,1129
273,1129
349,1129
503,1129
559,1129
609,1129
670,1129
708,1129
783,1129
883,1129
938,1129
987,1129
1046,1129
1101,1129
1157,1129
1209,1129
1259,1129
1318,1129
1523,1129
1566,1129
1646,1129
231,1130
350,1130
502,1130
559,1130
608,1130
669,1130
710,1130
784,1130
883,1130
939,1130
986,1130
1046,1130
1100,1130
1158,1130
1209,1130
1259,1130
1318,1130
1523,1130
1647,1130
230,1131
281,1131
352,1131
502,1131
559,1131
608,1131
670,1131
784,1131
883,1131
940,1131
986,1131
1047,1131
1101,1131
1159,1131
1211,1131
1259,1131
1318,1131
1524,1131
1647,1131
229,1132
353,1132
501,1132
559,1132
608,1132
670,1132
786,1132
883,1132
940,1132
986,1132
1047,1132
1101,1132
1161,1132
1211,1132
1260,1132
1318,1132
1524,1132
1648,1132
229,1133
501,1133
607,1133
670,1133
790,1133
883,1133
941,1133
987,1133
1047,1133
1101,1133
1161,1133
1260,1133
1319,1133
1524,1133
1648,1133
229,1134
500,1134
607,1134
670,1134
883,1134
941,1134
986,1134
1048,1134
1102,1134
1259,1134
1319,1134
1524,1134
1647,1134
228,1135
500,1135
606,1135
669,1135
884,1135
941,1135
985,1135
1049,1135
1102,1135
1259,1135
1320,1135
1524,1135
228,1136
500,1136
605,1136
669,1136
884,1136
942,1136
985,1136
1048,1136
1103,1136
1259,1136
1319,1136
1524,1136
227,1137
499,1137
605,1137
669,1137
884,1137
985,1137
1049,1137
1103,1137
1259,1137
1320,1137
1524,1137
227,1138
669,1138
884,1138
985,1138
1050,1138
1104,1138
1259,1138
1321,1138
1524,1138
226,1139
669,1139
884,1139
985,1139
1051,1139
1106,1139
1258,1139
1322,1139
1524,1139
669,1140
884,1140
984,1140
1107,1140
1258,1140
1322,1140
1524,1140
668,1141
885,1141
984,1141
1108,1141
1258,1141
1322,1141
1524,1141
668,1142
885,1142
1524,1142
1525,1143
407,1275
407,1276
406,1277
406,1278
564,1278
405,1279
565,1279
405,1280
564,1280
189,1281
405,1281
564,1281
188,1282
404,1282
522,1282
563,1282
187,1283
404,1283
522,1283
563,1283
187,1284
403,1284
439,1284
520,1284
563,1284
186,1285
403,1285
440,1285
519,1285
563,1285
185,1286
402,1286
440,1286
518,1286
563,1286
704,1286
185,1287
403,1287
441,1287
517,1287
563,1287
705,1287
184,1288
403,1288
442,1288
516,1288
563,1288
705,1288
184,1289
250,1289
402,1289
443,1289
516,1289
562,1289
706,1289
184,1290
250,1290
402,1290
444,1290
516,1290
562,1290
707,1290
184,1291
248,1291
402,1291
444,1291
515,1291
562,1291
708,1291
183,1292
247,1292
402,1292
445,1292
515,1292
562,1292
594,1292
708,1292
183,1293
247,1293
402,1293
445,1293
514,1293
562,1293
596,1293
708,1293
183,1294
246,1294
402,1294
445,1294
513,1294
562,1294
598,1294
709,1294
183,1295
245,1295
446,1295
508,1295
515,1295
598,1295
709,1295
182,1296
245,1296
446,1296
507,1296
599,1296
710,1296
244,1297
400,1297
446,1297
506,1297
599,1297
710,1297
244,1298
446,1298
501,1298
601,1298
710,1298
179,1299
243,1299
325,1299
447,1299
498,1299
602,1299
651,1299
711,1299
243,1300
268,1300
325,1300
453,1300
497,1300
602,1300
650,1300
711,1300
243,1301
268,1301
326,1301
397,1301
453,1301
497,1301
602,1301
651,1301
712,1301
176,1302
244,1302
268,1302
326,1302
396,1302
497,1302
560,1302
603,1302
651,1302
675,1302
713,1302
176,1303
243,1303
269,1303
327,1303
396,1303
497,1303
559,1303
602,1303
611,1303
651,1303
676,1303
715,1303
175,1304
270,1304
328,1304
348,1304
395,1304
458,1304
496,1304
559,1304
602,1304
613,1304
620,1304
652,1304
677,1304
175,1305
270,1305
292,1305
330,1305
347,1305
395,1305
459,1305
496,1305
559,1305
619,1305
654,1305
667,1305
678,1305
175,1306
238,1306
271,1306
294,1306
329,1306
346,1306
395,1306
459,1306
495,1306
559,1306
620,1306
653,1306
678,1306
176,1307
275,1307
294,1307
330,1307
348,1307
395,1307
459,1307
494,1307
558,1307
621,1307
653,1307
678,1307
176,1308
271,1308
292,1308
329,1308
349,1308
394,1308
459,1308
493,1308
559,1308
622,1308
654,1308
678,1308
176,1309
233,1309
272,1309
296,1309
350,1309
394,1309
459,1309
492,1309
559,1309
622,1309
655,1309
678,1309
175,1310
232,1310
273,1310
298,1310
351,1310
394,1310
460,1310
492,1310
559,1310
623,1310
676,1310
175,1311
232,1311
273,1311
298,1311
351,1311
394,1311
460,1311
489,1311
558,1311
624,1311
674,1311
174,1312
231,1312
298,1312
352,1312
394,1312
461,1312
558,1312
624,1312
231,1313
299,1313
349,1313
394,1313
462,1313
558,1313
625,1313
231,1314
298,1314
393,1314
462,1314
558,1314
627,1314
231,1315
300,1315
393,1315
463,1315
558,1315
628,1315
230,1316
297,1316
392,1316
465,1316
558,1316
229,1317
393,1317
467,1317
558,1317
229,1318
392,1318
557,1318
228,1319
392,1319
557,1319
228,1320
227,1321
226,1322
225,1323
358,1338
324,1341
364,1341
370,1341
308,1342
319,1342
366,1342
320,1343
364,1343
316,1344
314,1345
368,1346
372,1351
337,1354
332,1355
383,1356
