2080*1398
1348,135
1348,136
1684,136
1158,137
1348,137
1683,137
1159,138
1348,138
1683,138
1158,139
1349,139
1683,139
1721,139
1156,140
1349,140
1684,140
1722,140
1155,141
1350,141
1683,141
1723,141
1155,142
1350,142
1683,142
1724,142
1154,143
1350,143
1522,143
1683,143
1724,143
1154,144
1350,144
1522,144
1683,144
1725,144
1095,145
1154,145
1351,145
1522,145
1683,145
1725,145
1095,146
1153,146
1351,146
1521,146
1683,146
1726,146
1094,147
1153,147
1351,147
1521,147
1683,147
1727,147
1093,148
1152,148
1350,148
1520,148
1683,148
1727,148
1092,149
1152,149
1350,149
1520,149
1683,149
1727,149
1092,150
1151,150
1351,150
1422,150
1519,150
1683,150
1727,150
1092,151
1151,151
1351,151
1397,151
1422,151
1519,151
1683,151
1727,151
1774,151
1033,152
1091,152
1148,152
1351,152
1398,152
1423,152
1519,152
1550,152
1555,152
1682,152
1728,152
1773,152
1031,153
1045,153
1090,153
1146,153
1397,153
1423,153
1519,153
1553,153
1682,153
1728,153
1774,153
1029,154
1037,154
1046,154
1090,154
1265,154
1396,154
1423,154
1518,154
1555,154
1728,154
1773,154
1044,155
1089,155
1263,155
1396,155
1422,155
1518,155
1556,155
1728,155
1773,155
1797,155
1820,155
1047,156
1089,156
1144,156
1263,156
1409,156
1517,156
1557,156
1774,156
1797,156
1822,156
1048,157
1089,157
1140,157
1263,157
1395,157
1423,157
1517,157
1558,157
1774,157
1798,157
1822,157
1048,158
1090,158
1140,158
1262,158
1352,158
1395,158
1423,158
1558,158
1776,158
1786,158
1799,158
1823,158
1049,159
1089,159
1139,159
1262,159
1397,159
1421,159
1453,159
1558,159
1777,159
1796,159
1824,159
1050,160
1086,160
1138,160
1261,160
1354,160
1397,160
1422,160
1453,160
1559,160
1732,160
1777,160
1786,160
1798,160
1824,160
1050,161
1084,161
1138,161
1260,161
1354,161
1397,161
1452,161
1560,161
1679,161
1729,161
1778,161
1800,161
1825,161
1051,162
1084,162
1137,162
1259,162
1355,162
1452,162
1475,162
1561,162
1681,162
1735,162
1800,162
1826,162
1052,163
1084,163
1137,163
1258,163
1355,163
1452,163
1476,163
1511,163
1563,163
1680,163
1737,163
1801,163
1826,163
1137,164
1239,164
1257,164
1355,164
1452,164
1476,164
1510,164
1575,164
1680,164
1737,164
1801,164
1827,164
1844,164
975,165
1081,165
1136,165
1238,165
1258,165
1355,165
1454,165
1464,165
1476,165
1510,165
1568,165
1576,165
1680,165
1737,165
1801,165
1827,165
1834,165
1846,165
975,166
1079,166
1135,166
1241,166
1259,166
1355,166
1466,166
1510,166
1576,166
1680,166
1737,166
1827,166
1843,166
974,167
1078,167
1134,167
1241,167
1355,167
1454,167
1476,167
1510,167
1577,167
1680,167
1737,167
1834,167
1844,167
973,168
1078,168
1134,168
1238,168
1356,168
1455,168
1478,168
1509,168
1577,168
1680,168
1738,168
1845,168
973,169
1078,169
1133,169
1237,169
1355,169
1455,169
1478,169
1509,169
1578,169
1680,169
1738,169
1846,169
973,170
1078,170
1132,170
1236,170
1355,170
1478,170
1508,170
1578,170
1680,170
1738,170
1846,170
973,171
1077,171
1132,171
1236,171
1355,171
1476,171
1508,171
1579,171
1680,171
1738,171
1847,171
973,172
1077,172
1131,172
1235,172
1356,172
1508,172
1580,172
1679,172
1739,172
1848,172
973,173
1076,173
1235,173
1356,173
1508,173
1581,173
1680,173
1739,173
1849,173
973,174
1076,174
1234,174
1356,174
1506,174
1582,174
1680,174
1740,174
1850,174
972,175
1076,175
1232,175
1357,175
1506,175
1582,175
1679,175
1740,175
1852,175
972,176
1075,176
1229,176
1357,176
1506,176
1585,176
1679,176
1741,176
972,177
1074,177
1357,177
1505,177
1679,177
1741,177
972,178
1073,178
1504,178
1679,178
1741,178
972,179
1072,179
1679,179
972,180
1071,180
1679,180
971,181
971,182
970,183
215,318
384,318
216,319
384,319
535,319
169,320
215,320
382,320
535,320
168,321
215,321
382,321
535,321
167,322
214,322
381,322
534,322
166,323
214,323
380,323
534,323
166,324
214,324
379,324
533,324
693,324
1602,324
165,325
215,325
378,325
533,325
692,325
1339,325
1602,325
164,326
214,326
378,326
428,326
534,326
691,326
1339,326
1603,326
1716,326
1862,326
164,327
214,327
245,327
378,327
427,327
493,327
533,327
691,327
1186,327
1338,327
1502,327
1602,327
1716,327
1862,327
163,328
213,328
248,328
377,328
427,328
493,328
533,328
691,328
868,328
1186,328
1338,328
1394,328
1502,328
1552,328
1603,328
1715,328
1863,328
163,329
213,329
249,329
377,329
427,329
492,329
533,329
691,329
867,329
1184,329
1260,329
1338,329
1393,329
1501,329
1552,329
1603,329
1715,329
1864,329
163,330
214,330
249,330
377,330
427,330
491,330
533,330
691,330
866,330
1184,330
1263,330
1338,330
1393,330
1500,330
1552,330
1604,330
1713,330
1865,330
163,331
214,331
250,331
376,331
427,331
491,331
533,331
691,331
866,331
916,331
1023,331
1183,331
1264,331
1338,331
1393,331
1499,331
1551,331
1604,331
1713,331
1866,331
162,332
214,332
250,332
305,332
375,332
426,332
489,332
534,332
690,332
865,332
915,332
950,332
1021,332
1087,332
1182,332
1265,332
1338,332
1393,332
1430,332
1499,332
1551,332
1604,332
1713,332
1867,332
123,333
162,333
214,333
251,333
306,333
374,333
426,333
488,333
535,333
600,333
690,333
864,333
914,333
951,333
1021,333
1084,333
1182,333
1265,333
1338,333
1392,333
1433,333
1499,333
1551,333
1604,333
1639,333
1713,333
1867,333
31,334
122,334
161,334
213,334
252,334
269,334
305,334
376,334
425,334
488,334
600,334
689,334
734,334
759,334
816,334
863,334
913,334
951,334
1020,334
1083,334
1181,334
1266,334
1338,334
1391,334
1434,334
1498,334
1551,334
1604,334
1639,334
1712,334
1867,334
33,335
121,335
161,335
213,335
254,335
270,335
306,335
329,335
370,335
425,335
488,335
598,335
690,335
735,335
760,335
817,335
862,335
912,335
952,335
1019,335
1082,335
1180,335
1266,335
1338,335
1390,335
1434,335
1498,335
1551,335
1604,335
1640,335
1712,335
1868,335
34,336
121,336
162,336
213,336
252,336
262,336
270,336
306,336
329,336
369,336
426,336
488,336
597,336
690,336
734,336
760,336
816,336
861,336
912,336
954,336
1018,336
1082,336
1180,336
1267,336
1339,336
1390,336
1435,336
1497,336
1550,336
1605,336
1640,336
1711,336
1747,336
1805,336
1868,336
35,337
120,337
253,337
269,337
306,337
331,337
369,337
425,337
487,337
596,337
690,337
733,337
761,337
815,337
861,337
911,337
955,337
1017,337
1081,337
1180,337
1268,337
1338,337
1391,337
1435,337
1497,337
1550,337
1605,337
1640,337
1711,337
1749,337
1805,337
1868,337
35,338
119,338
157,338
271,338
319,338
362,338
372,338
425,338
487,338
596,338
690,338
733,338
762,338
814,338
862,338
911,338
955,338
1017,338
1080,338
1179,338
1268,338
1338,338
1390,338
1436,338
1496,338
1549,338
1604,338
1642,338
1711,338
1750,338
1804,338
1869,338
35,339
118,339
272,339
307,339
329,339
362,339
425,339
487,339
533,339
595,339
689,339
734,339
760,339
813,339
861,339
911,339
955,339
1016,339
1079,339
1179,339
1270,339
1338,339
1390,339
1437,339
1496,339
1549,339
1604,339
1643,339
1711,339
1750,339
1805,339
1869,339
1939,339
36,340
117,340
157,340
273,340
308,340
330,340
361,340
425,340
485,340
533,340
595,340
689,340
748,340
812,340
860,340
910,340
956,340
1016,340
1079,340
1179,340
1271,340
1289,340
1337,340
1390,340
1438,340
1497,340
1549,340
1604,340
1643,340
1710,340
1751,340
1805,340
1869,340
1940,340
37,341
117,341
161,341
274,341
309,341
332,341
361,341
425,341
486,341
594,341
690,341
733,341
749,341
762,341
811,341
854,341
909,341
956,341
1016,341
1079,341
1178,341
1269,341
1279,341
1287,341
1337,341
1389,341
1438,341
1496,341
1549,341
1604,341
1644,341
1710,341
1753,341
1806,341
1831,341
1870,341
1915,341
1941,341
37,342
116,342
152,342
214,342
274,342
307,342
332,342
361,342
425,342
593,342
734,342
761,342
795,342
805,342
812,342
847,342
853,342
909,342
957,342
1015,342
1079,342
1177,342
1240,342
1286,342
1338,342
1389,342
1440,342
1493,342
1549,342
1647,342
1663,342
1707,342
1753,342
1807,342
1831,342
1915,342
1941,342
37,343
114,343
151,343
216,343
275,343
331,343
360,343
530,343
593,343
734,343
761,343
795,343
803,343
811,343
846,343
853,343
908,343
957,343
1014,343
1078,343
1240,343
1288,343
1389,343
1445,343
1453,343
1549,343
1645,343
1654,343
1663,343
1753,343
1808,343
1831,343
1914,343
1940,343
39,344
96,344
107,344
115,344
150,344
276,344
330,344
335,344
360,344
482,344
528,344
533,344
593,344
736,344
759,344
797,344
846,344
957,344
1009,344
1016,344
1076,344
1242,344
1289,344
1389,344
1454,344
1548,344
1652,344
1662,344
1753,344
1811,344
1832,344
1873,344
1914,344
1939,344
37,345
45,345
96,345
106,345
117,345
150,345
212,345
359,345
476,345
530,345
592,345
793,345
846,345
902,345
958,345
1007,345
1071,345
1077,345
1217,345
1242,345
1289,345
1453,345
1663,345
1705,345
1756,345
1809,345
1829,345
1873,345
1926,345
52,346
100,346
149,346
211,346
359,346
475,346
530,346
587,346
793,346
845,346
894,346
902,346
1001,346
1007,346
1069,346
1172,346
1218,346
1241,346
1289,346
1336,346
1454,346
1664,346
1704,346
1758,346
1809,346
1832,346
1915,346
1939,346
47,347
53,347
97,347
111,347
149,347
211,347
359,347
424,347
474,347
529,347
689,347
793,347
845,347
897,347
963,347
1001,347
1008,347
1060,347
1165,347
1170,347
1217,347
1240,347
1291,347
1337,347
1454,347
1605,347
1665,347
1763,347
1771,347
1811,347
1816,347
1833,347
1879,347
1913,347
1938,347
53,348
95,348
149,348
211,348
358,348
425,348
474,348
529,348
586,348
689,348
792,348
844,348
895,348
963,348
1000,348
1064,348
1167,348
1216,348
1236,348
1291,348
1455,348
1487,348
1605,348
1666,348
1701,348
1770,348
1834,348
1880,348
1912,348
1938,348
53,349
95,349
149,349
211,349
357,349
475,349
530,349
580,349
688,349
791,349
844,349
894,349
966,349
1000,349
1062,349
1166,349
1219,349
1239,349
1291,349
1385,349
1456,349
1487,349
1666,349
1701,349
1759,349
1772,349
1835,349
1880,349
1912,349
1938,349
54,350
94,350
148,350
211,350
356,350
421,350
474,350
530,350
580,350
686,350
791,350
843,350
893,350
968,350
1000,350
1061,350
1165,350
1215,350
1239,350
1292,350
1336,350
1384,350
1457,350
1486,350
1545,350
1607,350
1666,350
1701,350
1772,350
1835,350
1879,350
1913,350
54,351
93,351
148,351
211,351
355,351
421,351
473,351
529,351
579,351
686,351
789,351
843,351
893,351
970,351
999,351
1060,351
1165,351
1214,351
1227,351
1239,351
1293,351
1336,351
1383,351
1457,351
1486,351
1544,351
1606,351
1667,351
1701,351
1773,351
1835,351
1880,351
1915,351
54,352
93,352
147,352
211,352
354,352
421,352
473,352
529,352
579,352
686,352
786,352
841,352
893,352
970,352
998,352
1060,352
1166,352
1214,352
1296,352
1336,352
1381,352
1458,352
1487,352
1607,352
1669,352
1700,352
1773,352
1834,352
1881,352
56,353
92,353
147,353
211,353
354,353
421,353
472,353
529,353
578,353
686,353
840,353
892,353
970,353
997,353
1059,353
1165,353
1214,353
1298,353
1336,353
1381,353
1459,353
1486,353
1544,353
1608,353
1673,353
1700,353
1774,353
1881,353
56,354
91,354
146,354
211,354
421,354
472,354
529,354
577,354
686,354
838,354
892,354
970,354
997,354
1059,354
1164,354
1214,354
1337,354
1381,354
1485,354
1543,354
1607,354
1699,354
1774,354
1881,354
57,355
90,355
145,355
211,355
421,355
471,355
529,355
577,355
685,355
891,355
970,355
996,355
1059,355
1163,355
1218,355
1336,355
1381,355
1485,355
1543,355
1607,355
1699,355
1775,355
1881,355
59,356
88,356
145,356
211,356
420,356
470,356
529,356
577,356
685,356
890,356
971,356
995,356
1058,356
1163,356
1336,356
1381,356
1484,356
1543,356
1607,356
1699,356
1776,356
1881,356
60,357
144,357
211,357
420,357
469,357
529,357
576,357
685,357
888,357
972,357
994,357
1057,357
1163,357
1336,357
1381,357
1484,357
1543,357
1607,357
1698,357
1778,357
1882,357
61,358
143,358
210,358
420,358
469,358
575,358
685,358
887,358
973,358
993,358
1056,358
1163,358
1336,358
1380,358
1484,358
1543,358
1607,358
1698,358
1883,358
211,359
421,359
575,359
686,359
887,359
973,359
1054,359
1162,359
1336,359
1380,359
1483,359
1543,359
1608,359
1698,359
1884,359
211,360
420,360
573,360
685,360
885,360
974,360
1054,360
1160,360
1336,360
1379,360
1482,360
1543,360
1607,360
1697,360
1884,360
211,361
420,361
572,361
685,361
975,361
1052,361
1159,361
1336,361
1379,361
1482,361
1542,361
1608,361
1696,361
1885,361
211,362
420,362
571,362
684,362
977,362
1159,362
1336,362
1379,362
1480,362
1542,362
1608,362
1695,362
1884,362
210,363
419,363
684,363
977,363
1335,363
1378,363
1542,363
1608,363
1695,363
1886,363
210,364
419,364
684,364
1335,364
1378,364
1542,364
1608,364
1694,364
211,365
419,365
685,365
1335,365
1377,365
1542,365
1609,365
419,366
684,366
1335,366
1376,366
1541,366
1608,366
419,367
684,367
1334,367
1376,367
1541,367
1608,367
684,368
1540,368
683,369
1540,369
1540,370
398,501
398,502
738,502
398,503
737,503
292,504
398,504
666,504
737,504
291,505
399,505
665,505
736,505
291,506
399,506
609,506
666,506
735,506
291,507
398,507
609,507
666,507
735,507
1003,507
1140,507
1586,507
1961,507
291,508
398,508
610,508
665,508
734,508
1002,508
1140,508
1585,508
1961,508
291,509
398,509
611,509
666,509
734,509
776,509
1002,509
1142,509
1585,509
1961,509
291,510
399,510
612,510
666,510
734,510
777,510
1002,510
1039,510
1142,510
1585,510
1960,510
290,511
399,511
611,511
666,511
733,511
777,511
1002,511
1039,511
1142,511
1267,511
1584,511
1960,511
199,512
290,512
399,512
522,512
612,512
666,512
733,512
778,512
1002,512
1040,512
1142,512
1266,512
1584,512
1627,512
1961,512
197,513
290,513
360,513
399,513
522,513
612,513
666,513
733,513
778,513
1001,513
1040,513
1143,513
1266,513
1584,513
1627,513
1685,513
1843,513
1961,513
196,514
290,514
360,514
399,514
521,514
613,514
666,514
732,514
778,514
838,514
843,514
1000,514
1040,514
1144,514
1266,514
1583,514
1628,514
1685,514
1843,514
1961,514
195,515
290,515
359,515
399,515
519,515
613,515
666,515
732,515
778,515
841,515
1000,515
1040,515
1107,515
1145,515
1195,515
1266,515
1583,515
1628,515
1685,515
1843,515
1961,515
194,516
290,516
358,516
400,516
519,516
614,516
666,516
732,516
778,516
838,516
1000,516
1040,516
1106,516
1145,516
1196,516
1265,516
1583,516
1629,516
1685,516
1756,516
1844,516
1960,516
194,517
290,517
357,517
400,517
518,517
614,517
666,517
732,517
779,517
839,517
919,517
1000,517
1041,517
1106,517
1145,517
1197,517
1265,517
1583,517
1629,517
1685,517
1755,517
1845,517
1961,517
193,518
290,518
357,518
400,518
518,518
574,518
614,518
666,518
732,518
779,518
838,518
921,518
1000,518
1042,518
1105,518
1144,518
1198,518
1264,518
1384,518
1431,518
1535,518
1583,518
1630,518
1685,518
1755,518
1845,518
1960,518
192,519
291,519
356,519
517,519
574,519
614,519
666,519
731,519
779,519
837,519
921,519
999,519
1042,519
1104,519
1144,519
1198,519
1264,519
1386,519
1431,519
1535,519
1582,519
1630,519
1686,519
1754,519
1845,519
1960,519
148,520
192,520
291,520
336,520
355,520
516,520
573,520
614,520
666,520
731,520
779,520
836,520
923,520
999,520
1041,520
1103,520
1146,520
1199,520
1263,520
1385,520
1432,520
1534,520
1582,520
1631,520
1686,520
1754,520
1845,520
1960,520
151,521
192,521
291,521
336,521
346,521
355,521
516,521
573,521
615,521
666,521
779,521
836,521
923,521
1000,521
1041,521
1102,521
1146,521
1200,521
1264,521
1303,521
1385,521
1431,521
1534,521
1582,521
1631,521
1686,521
1752,521
1846,521
1960,521
152,522
191,522
340,522
355,522
515,522
571,522
615,522
667,522
779,522
835,522
924,522
999,522
1041,522
1102,522
1147,522
1201,522
1263,522
1300,522
1385,522
1430,522
1533,522
1582,522
1631,522
1686,522
1752,522
1847,522
1960,522
126,523
152,523
192,523
336,523
515,523
571,523
616,523
727,523
780,523
834,523
925,523
1042,523
1102,523
1202,523
1263,523
1301,523
1327,523
1384,523
1409,523
1430,523
1533,523
1631,523
1686,523
1752,523
1786,523
1847,523
1921,523
1960,523
125,524
152,524
191,524
335,524
402,524
438,524
516,524
570,524
728,524
780,524
833,524
926,524
1042,524
1102,524
1201,524
1208,524
1216,524
1263,524
1301,524
1327,524
1360,524
1383,524
1408,524
1428,524
1532,524
1631,524
1686,524
1752,524
1784,524
1847,524
1922,524
1960,524
62,525
85,525
125,525
153,525
190,525
290,525
334,525
438,525
461,525
515,525
570,525
619,525
780,525
827,525
834,525
876,525
926,525
1042,525
1102,525
1149,525
1214,525
1262,525
1301,525
1328,525
1361,525
1382,525
1408,525
1427,525
1531,525
1631,525
1686,525
1752,525
1784,525
1847,525
1922,525
1959,525
64,526
88,526
125,526
152,526
333,526
437,526
462,526
515,526
569,526
817,526
835,526
875,526
926,526
1042,526
1101,526
1217,526
1262,526
1302,526
1316,526
1329,526
1359,526
1370,526
1382,526
1410,526
1429,526
1531,526
1631,526
1686,526
1751,526
1785,526
1847,526
1922,526
1959,526
36,527
63,527
89,527
124,527
148,527
291,527
333,527
402,527
437,527
464,527
514,527
567,527
620,527
724,527
820,527
875,527
927,527
1043,527
1101,527
1218,527
1263,527
1316,527
1361,527
1382,527
1409,527
1427,527
1531,527
1578,527
1631,527
1686,527
1751,527
1785,527
1808,527
1847,527
1922,527
36,528
64,528
89,528
124,528
148,528
186,528
332,528
403,528
436,528
464,528
548,528
560,528
568,528
621,528
668,528
723,528
816,528
875,528
927,528
996,528
1100,528
1153,528
1219,528
1262,528
1303,528
1330,528
1360,528
1381,528
1406,528
1429,528
1468,528
1530,528
1578,528
1631,528
1686,528
1750,528
1786,528
1809,528
1848,528
1921,528
37,529
64,529
90,529
123,529
150,529
185,529
190,529
331,529
403,529
438,529
462,529
511,529
549,529
558,529
568,529
722,529
815,529
876,529
897,529
928,529
1100,529
1153,529
1219,529
1261,529
1303,529
1330,529
1358,529
1383,529
1405,529
1467,529
1530,529
1686,529
1750,529
1788,529
1809,529
1848,529
1920,529
1957,529
37,530
77,530
123,530
148,530
180,530
329,530
402,530
451,530
549,530
559,530
623,530
722,530
783,530
815,530
877,530
898,530
928,530
993,530
1101,530
1153,530
1220,530
1305,530
1330,530
1357,530
1405,530
1466,530
1488,530
1530,530
1577,530
1687,530
1750,530
1787,530
1797,530
1809,530
1899,530
1919,530
1958,530
38,531
63,531
87,531
123,531
149,531
180,531
289,531
402,531
438,531
463,531
511,531
548,531
624,531
722,531
815,531
879,531
898,531
935,531
993,531
1044,531
1154,531
1221,531
1330,531
1356,531
1405,531
1466,531
1490,531
1530,531
1576,531
1791,531
1810,531
1899,531
1917,531
1957,531
38,532
63,532
89,532
122,532
179,532
289,532
402,532
438,532
465,532
547,532
624,532
668,532
722,532
814,532
878,532
896,532
936,532
944,532
992,532
1044,532
1154,532
1222,532
1329,532
1356,532
1406,532
1466,532
1490,532
1530,532
1576,532
1789,532
1811,532
1897,532
1918,532
38,533
64,533
89,533
123,533
179,533
289,533
403,533
438,533
464,533
507,533
547,533
624,533
669,533
722,533
813,533
879,533
900,533
943,533
993,533
1044,533
1154,533
1223,533
1326,533
1331,533
1355,533
1407,533
1478,533
1529,533
1575,533
1631,533
1812,533
1900,533
1918,533
65,534
89,534
178,534
289,534
402,534
439,534
463,534
505,534
547,534
624,534
669,534
722,534
786,534
813,534
879,534
900,534
944,534
993,534
1095,534
1154,534
1356,534
1468,534
1490,534
1527,534
1576,534
1635,534
1744,534
1812,534
1897,534
1919,534
1957,534
65,535
87,535
178,535
289,535
403,535
462,535
504,535
545,535
624,535
668,535
722,535
786,535
812,535
901,535
944,535
993,535
1047,535
1094,535
1154,535
1468,535
1476,535
1491,535
1576,535
1637,535
1686,535
1812,535
1897,535
1958,535
178,536
288,536
403,536
505,536
544,536
624,536
668,536
721,536
785,536
810,536
901,536
944,536
993,536
1047,536
1091,536
1154,536
1468,536
1492,536
1576,536
1637,536
1739,536
1813,536
1896,536
1958,536
177,537
289,537
402,537
504,537
544,537
625,537
668,537
720,537
785,537
810,537
902,537
945,537
992,537
1047,537
1091,537
1155,537
1255,537
1470,537
1490,537
1575,537
1637,537
1740,537
1810,537
1815,537
1852,537
1895,537
1958,537
177,538
289,538
403,538
504,538
543,538
625,538
668,538
720,538
785,538
901,538
946,538
991,538
1046,538
1090,538
1156,538
1255,538
1490,538
1575,538
1637,538
1740,538
1853,538
1895,538
1958,538
176,539
289,539
403,539
503,539
543,539
626,539
668,539
719,539
786,539
900,539
946,539
992,539
1047,539
1091,539
1156,539
1256,539
1519,539
1575,539
1638,539
1687,539
1740,539
1853,539
1894,539
1957,539
175,540
288,540
403,540
503,540
626,540
668,540
719,540
786,540
947,540
991,540
1048,540
1090,540
1156,540
1255,540
1521,540
1575,540
1639,540
1689,540
1739,540
1853,540
1893,540
1958,540
174,541
288,541
403,541
503,541
626,541
668,541
719,541
786,541
948,541
991,541
1047,541
1089,541
1157,541
1255,541
1520,541
1574,541
1639,541
1689,541
1739,541
1854,541
1897,541
1958,541
174,542
288,542
403,542
503,542
627,542
668,542
719,542
786,542
948,542
991,542
1047,542
1090,542
1158,542
1254,542
1519,542
1574,542
1639,542
1689,542
1739,542
1854,542
1958,542
289,543
404,543
502,543
628,543
668,543
718,543
786,543
950,543
990,543
1048,543
1089,543
1254,543
1519,543
1573,543
1639,543
1689,543
1739,543
1853,543
1957,543
288,544
404,544
501,544
628,544
669,544
717,544
786,544
951,544
989,544
1048,544
1089,544
1254,544
1519,544
1573,544
1639,544
1689,544
1738,544
1854,544
1957,544
288,545
405,545
501,545
629,545
669,545
717,545
787,545
953,545
990,545
1048,545
1088,545
1254,545
1519,545
1572,545
1639,545
1689,545
1738,545
1855,545
1957,545
288,546
500,546
629,546
669,546
717,546
788,546
1048,546
1088,546
1254,546
1519,546
1572,546
1640,546
1688,546
1737,546
1855,546
1957,546
288,547
499,547
669,547
788,547
1049,547
1086,547
1253,547
1518,547
1640,547
1689,547
1736,547
1854,547
1957,547
288,548
498,548
669,548
788,548
1049,548
1087,548
1253,548
1518,548
1640,548
1689,548
1736,548
1855,548
1957,548
289,549
669,549
788,549
1049,549
1086,549
1253,549
1517,549
1640,549
1689,549
1735,549
1855,549
1957,549
670,550
788,550
1049,550
1085,550
1253,550
1517,550
1641,550
1689,550
1734,550
1855,550
1956,550
670,551
1050,551
1252,551
1516,551
1689,551
1733,551
1856,551
1956,551
1050,552
1251,552
1516,552
1689,552
1856,552
1956,552
1251,553
1515,553
1690,553
1856,553
1956,553
1251,554
1514,554
1690,554
1856,554
1250,555
1512,555
1690,555
1689,556
1690,557
1690,558
383,688
382,689
383,690
164,691
225,691
383,691
853,691
165,692
225,692
382,692
853,692
1821,692
1941,692
73,693
165,693
225,693
382,693
853,693
1192,693
1349,693
1821,693
1941,693
73,694
165,694
223,694
381,694
482,694
853,694
1192,694
1349,694
1821,694
1871,694
1940,694
72,695
165,695
223,695
381,695
482,695
855,695
1192,695
1348,695
1821,695
1871,695
1940,695
71,696
165,696
223,696
380,696
482,696
855,696
1191,696
1348,696
1684,696
1822,696
1871,696
1939,696
70,697
165,697
222,697
381,697
481,697
856,697
1191,697
1347,697
1685,697
1822,697
1872,697
1939,697
70,698
165,698
222,698
380,698
483,698
856,698
1091,698
1191,698
1348,698
1683,698
1822,698
1873,698
1940,698
70,699
166,699
223,699
380,699
484,699
856,699
955,699
1091,699
1190,699
1307,699
1348,699
1682,699
1823,699
1874,699
1939,699
1992,699
70,700
165,700
222,700
380,700
421,700
484,700
857,700
894,700
956,700
1091,700
1190,700
1306,700
1348,700
1571,700
1682,700
1823,700
1874,700
1939,700
1992,700
70,701
165,701
221,701
379,701
421,701
484,701
606,701
857,701
896,701
957,701
1015,701
1089,701
1190,701
1306,701
1348,701
1571,701
1680,701
1823,701
1874,701
1938,701
1992,701
69,702
165,702
221,702
381,702
423,702
484,702
604,702
766,702
857,702
897,702
957,702
1015,702
1088,702
1190,702
1305,702
1347,702
1432,702
1570,702
1679,702
1823,702
1874,702
1938,702
1992,702
69,703
128,703
166,703
221,703
256,703
279,703
314,703
380,703
424,703
484,703
604,703
638,703
765,703
857,703
899,703
958,703
1017,703
1089,703
1190,703
1304,703
1347,703
1434,703
1569,703
1679,703
1823,703
1875,703
1938,703
1992,703
68,704
129,704
166,704
221,704
258,704
281,704
313,704
379,704
425,704
485,704
602,704
637,704
765,704
857,704
899,704
959,704
1018,704
1088,704
1189,704
1303,704
1347,704
1436,704
1568,704
1679,704
1823,704
1875,704
1938,704
1992,704
68,705
103,705
129,705
166,705
221,705
256,705
282,705
313,705
379,705
426,705
486,705
601,705
636,705
764,705
857,705
900,705
960,705
1018,705
1088,705
1189,705
1303,705
1347,705
1436,705
1567,705
1678,705
1823,705
1876,705
1938,705
1993,705
68,706
102,706
130,706
166,706
221,706
257,706
283,706
313,706
426,706
486,706
601,706
636,706
662,706
764,706
858,706
900,706
960,706
1019,706
1087,706
1189,706
1302,706
1346,706
1382,706
1437,706
1566,706
1594,706
1677,706
1787,706
1823,706
1876,706
1937,706
1993,706
101,707
129,707
166,707
221,707
257,707
282,707
314,707
427,707
485,707
600,707
637,707
662,707
743,707
763,707
859,707
901,707
960,707
1020,707
1086,707
1120,707
1189,707
1302,707
1346,707
1381,707
1438,707
1566,707
1595,707
1677,707
1789,707
1823,707
1875,707
1937,707
1993,707
103,708
127,708
166,708
221,708
270,708
312,708
322,708
427,708
486,708
600,708
638,708
663,708
743,708
760,708
859,708
902,708
961,708
1020,708
1086,708
1122,708
1189,708
1302,708
1346,708
1380,708
1405,708
1439,708
1566,708
1596,708
1677,708
1788,708
1823,708
1875,708
1937,708
1993,708
115,709
167,709
220,709
256,709
270,709
282,709
316,709
336,709
379,709
428,709
486,709
599,709
642,709
664,709
742,709
753,709
762,709
821,709
860,709
903,709
961,709
1021,709
1086,709
1123,709
1301,709
1346,709
1380,709
1405,709
1439,709
1565,709
1597,709
1677,709
1788,709
1823,709
1876,709
1937,709
1993,709
101,710
127,710
167,710
256,710
282,710
312,710
324,710
338,710
429,710
599,710
639,710
661,710
689,710
742,710
762,710
799,710
821,710
903,710
961,710
1022,710
1086,710
1124,710
1301,710
1346,710
1380,710
1406,710
1439,710
1562,710
1597,710
1677,710
1788,710
1824,710
1876,710
1937,710
1993,710
100,711
127,711
257,711
282,711
313,711
325,711
339,711
430,711
598,711
640,711
665,711
691,711
741,711
760,711
798,711
821,711
903,711
962,711
1022,711
1085,711
1124,711
1300,711
1345,711
1393,711
1440,711
1565,711
1599,711
1670,711
1764,711
1787,711
1877,711
1935,711
1993,711
100,712
127,712
257,712
281,712
314,712
336,712
376,712
431,712
598,712
640,712
665,712
689,712
711,712
741,712
798,712
822,712
863,712
904,712
961,712
1022,712
1085,712
1125,712
1300,712
1346,712
1380,712
1393,712
1406,712
1440,712
1549,712
1556,712
1599,712
1763,712
1785,712
1993,712
100,713
126,713
220,713
258,713
281,713
316,713
340,713
375,713
598,713
639,713
666,713
689,713
712,713
740,713
798,713
821,713
903,713
911,713
962,713
1022,713
1085,713
1126,713
1300,713
1382,713
1407,713
1442,713
1490,713
1494,713
1550,713
1600,713
1668,713
1764,713
1784,713
1933,713
1992,713
100,714
219,714
340,714
376,714
443,714
490,714
597,714
666,714
690,714
713,714
739,714
810,714
904,714
912,714
1022,714
1083,714
1127,714
1299,714
1382,714
1407,714
1441,714
1448,714
1493,714
1549,714
1601,714
1618,714
1662,714
1766,714
1786,714
1824,714
1992,714
101,715
170,715
341,715
375,715
444,715
597,715
665,715
692,715
714,715
740,715
797,715
822,715
914,715
921,715
1026,715
1082,715
1127,715
1296,715
1301,715
1384,715
1408,715
1448,715
1454,715
1493,715
1549,715
1599,715
1609,715
1618,715
1661,715
1762,715
1786,715
1824,715
1877,715
1932,715
1993,715
342,716
375,716
445,716
491,716
664,716
691,716
703,716
714,716
797,716
821,716
866,716
920,716
1081,716
1127,716
1184,716
1294,716
1407,716
1446,716
1456,716
1494,716
1548,716
1601,716
1617,716
1661,716
1762,716
1784,716
217,717
342,717
375,717
446,717
492,717
591,717
691,717
714,717
798,717
821,717
867,717
921,717
967,717
1128,717
1184,717
1293,717
1407,717
1456,717
1494,717
1548,717
1618,717
1661,717
1761,717
169,718
217,718
343,718
375,718
446,718
492,718
592,718
691,718
714,718
799,718
818,718
867,718
921,718
1080,718
1128,718
1184,718
1293,718
1457,718
1494,718
1547,718
1619,718
1661,718
1761,718
1883,718
169,719
216,719
343,719
374,719
447,719
492,719
691,719
715,719
867,719
922,719
971,719
1034,719
1136,719
1142,719
1184,719
1457,719
1496,719
1514,719
1546,719
1619,719
1660,719
1762,719
1826,719
1883,719
1931,719
169,720
216,720
343,720
375,720
448,720
492,720
585,720
713,720
867,720
923,720
973,720
1036,720
1075,720
1141,720
1184,720
1288,720
1457,720
1498,720
1515,720
1545,720
1620,720
1660,720
1764,720
1826,720
1884,720
1930,720
169,721
215,721
374,721
448,721
493,721
585,721
867,721
923,721
973,721
1036,721
1077,721
1144,721
1184,721
1289,721
1342,721
1457,721
1497,721
1506,721
1515,721
1545,721
1621,721
1660,721
1826,721
1885,721
1931,721
169,722
216,722
374,722
449,722
493,722
584,722
868,722
923,722
973,722
1036,722
1077,722
1144,722
1183,722
1287,722
1342,722
1459,722
1497,722
1504,722
1514,722
1543,722
1622,722
1659,722
1826,722
1884,722
1931,722
169,723
216,723
374,723
449,723
493,723
584,723
868,723
924,723
973,723
1036,723
1076,723
1144,723
1183,723
1287,723
1342,723
1460,723
1498,723
1516,723
1544,723
1623,723
1659,723
1827,723
1884,723
1931,723
1992,723
169,724
215,724
373,724
450,724
493,724
584,724
869,724
926,724
974,724
1036,724
1076,724
1145,724
1184,724
1287,724
1341,724
1460,724
1517,724
1625,724
1658,724
1826,724
1884,724
1930,724
1993,724
169,725
215,725
371,725
375,725
452,725
493,725
584,725
869,725
927,725
974,725
1037,725
1075,725
1145,725
1183,725
1287,725
1341,725
1461,725
1517,725
1656,725
1827,725
1885,725
1930,725
1993,725
170,726
215,726
374,726
453,726
494,726
584,726
869,726
927,726
975,726
1038,726
1075,726
1145,726
1183,726
1286,726
1341,726
1462,726
1518,726
1656,726
1827,726
1886,726
1930,726
1993,726
170,727
215,727
373,727
494,727
583,727
869,727
928,727
975,727
1038,727
1075,727
1147,727
1182,727
1286,727
1341,727
1462,727
1518,727
1654,727
1827,727
1886,727
1930,727
1993,727
170,728
215,728
373,728
495,728
582,728
870,728
930,728
975,728
1038,728
1074,728
1149,728
1182,728
1286,728
1341,728
1519,728
1653,728
1827,728
1886,728
1930,728
1994,728
170,729
215,729
495,729
581,729
871,729
975,729
1040,729
1074,729
1150,729
1182,729
1285,729
1341,729
1522,729
1827,729
1886,729
1930,729
1994,729
170,730
214,730
495,730
581,730
871,730
977,730
1041,730
1074,730
1182,730
1284,730
1341,730
1827,730
1887,730
1929,730
1993,730
171,731
214,731
495,731
580,731
872,731
978,731
1042,731
1073,731
1181,731
1284,731
1340,731
1828,731
1887,731
1928,731
1993,731
171,732
214,732
497,732
579,732
872,732
978,732
1043,732
1072,732
1181,732
1283,732
1340,732
1828,732
1888,732
1928,732
1993,732
171,733
214,733
497,733
578,733
872,733
979,733
1072,733
1180,733
1283,733
1340,733
1828,733
1888,733
1928,733
1993,733
171,734
214,734
577,734
980,734
1072,734
1282,734
1340,734
1827,734
1888,734
1927,734
1994,734
171,735
214,735
1071,735
1280,735
1340,735
1827,735
1927,735
1993,735
171,736
1279,736
1340,736
1828,736
1926,736
1993,736
172,737
1279,737
1339,737
1828,737
1993,737
1339,738
1828,738
1993,738
1339,739
1993,739
1338,740
1993,740
1338,741
587,875
834,875
587,876
835,876
1426,876
1717,876
143,877
586,877
835,877
1308,877
1425,877
1473,877
1716,877
143,878
259,878
585,878
835,878
1309,878
1426,878
1474,878
1715,878
143,879
217,879
259,879
585,879
836,879
1070,879
1171,879
1311,879
1425,879
1475,879
1603,879
1716,879
102,880
143,880
215,880
259,880
585,880
837,880
1069,880
1171,880
1312,880
1426,880
1476,880
1603,880
1714,880
1877,880
101,881
143,881
215,881
258,881
584,881
837,881
898,881
1068,881
1170,881
1313,881
1427,881
1477,881
1603,881
1714,881
1876,881
101,882
142,882
213,882
258,882
433,882
584,882
652,882
837,882
898,882
946,882
1067,882
1169,882
1314,882
1426,882
1478,882
1601,882
1714,882
1876,882
101,883
142,883
213,883
257,883
431,883
583,883
649,883
837,883
898,883
947,883
1066,883
1168,883
1314,883
1366,883
1426,883
1479,883
1602,883
1713,883
1875,883
101,884
142,884
213,884
257,884
429,884
583,884
647,884
698,884
745,884
838,884
897,884
947,884
1065,884
1168,884
1316,884
1366,884
1427,884
1479,884
1524,884
1601,884
1712,884
1746,884
1874,884
1925,884
101,885
143,885
212,885
257,885
318,885
374,885
428,885
583,885
647,885
697,885
743,885
838,885
897,885
947,885
1065,885
1167,885
1316,885
1367,885
1427,885
1480,885
1526,885
1601,885
1713,885
1747,885
1873,885
1924,885
100,886
142,886
212,886
257,886
319,886
371,886
428,886
481,886
583,886
646,886
696,886
742,886
838,886
896,886
947,886
1065,886
1167,886
1258,886
1316,886
1368,886
1427,886
1480,886
1526,886
1600,886
1712,886
1748,886
1873,886
1924,886
1951,886
101,887
142,887
211,887
256,887
318,887
377,887
427,887
478,887
582,887
646,887
695,887
741,887
839,887
897,887
948,887
1064,887
1167,887
1259,887
1317,887
1369,887
1427,887
1481,887
1527,887
1600,887
1712,887
1748,887
1872,887
1924,887
1953,887
101,888
141,888
210,888
256,888
318,888
353,888
377,888
426,888
476,888
582,888
645,888
694,888
740,888
839,888
897,888
948,888
1063,888
1166,888
1260,888
1317,888
1369,888
1427,888
1481,888
1528,888
1600,888
1711,888
1749,888
1872,888
1923,888
1954,888
101,889
142,889
210,889
256,889
316,889
354,889
377,889
426,889
476,889
582,889
644,889
693,889
740,889
839,889
897,889
949,889
1063,889
1165,889
1261,889
1317,889
1370,889
1427,889
1481,889
1529,889
1600,889
1710,889
1749,889
1872,889
1923,889
1955,889
101,890
142,890
211,890
255,890
315,890
349,890
357,890
377,890
425,890
475,890
582,890
643,890
692,890
739,890
837,890
896,890
949,890
1063,890
1165,890
1262,890
1317,890
1370,890
1427,890
1481,890
1530,890
1600,890
1710,890
1749,890
1790,890
1871,890
1924,890
1956,890
100,891
142,891
210,891
256,891
315,891
347,891
357,891
374,891
425,891
475,891
582,891
643,891
691,891
739,891
809,891
839,891
896,891
949,891
1062,891
1165,891
1263,891
1319,891
1371,891
1427,891
1481,891
1530,891
1599,891
1711,891
1750,891
1790,891
1871,891
1923,891
1956,891
100,892
142,892
210,892
255,892
294,892
313,892
347,892
361,892
375,892
424,892
474,892
582,892
642,892
691,892
738,892
807,892
839,892
896,892
949,892
1062,892
1164,892
1263,892
1318,892
1372,892
1427,892
1482,892
1531,892
1598,892
1710,892
1750,892
1791,892
1870,892
1923,892
1957,892
100,893
141,893
209,893
256,893
294,893
312,893
343,893
358,893
374,893
422,893
473,893
580,893
641,893
691,893
737,893
806,893
840,893
896,893
949,893
1061,893
1165,893
1203,893
1263,893
1372,893
1427,893
1531,893
1598,893
1706,893
1751,893
1792,893
1870,893
1923,893
1958,893
141,894
209,894
256,894
297,894
313,894
343,894
375,894
417,894
424,894
472,894
623,894
633,894
642,894
691,894
737,894
805,894
896,894
949,894
1061,894
1163,894
1203,894
1225,894
1264,894
1324,894
1372,894
1427,894
1532,894
1598,894
1752,894
1793,894
1869,894
1923,894
1958,894
141,895
209,895
294,895
314,895
344,895
354,895
373,895
406,895
417,895
425,895
472,895
623,895
633,895
642,895
690,895
730,895
738,895
804,895
896,895
950,895
1058,895
1062,895
1159,895
1202,895
1226,895
1264,895
1325,895
1372,895
1534,895
1704,895
1752,895
1795,895
1869,895
1923,895
1959,895
143,896
206,896
293,896
345,896
355,896
407,896
413,896
465,896
473,896
578,896
626,896
689,896
721,896
730,896
805,896
896,896
950,896
1057,896
1202,896
1227,896
1265,896
1327,896
1332,896
1372,896
1535,896
1752,896
1795,896
1870,896
1923,896
1959,896
205,897
292,897
354,897
407,897
454,897
463,897
472,897
578,897
623,897
684,897
689,897
725,897
804,897
843,897
895,897
950,897
1203,897
1225,897
1265,897
1331,897
1373,897
1496,897
1532,897
1540,897
1751,897
1795,897
1863,897
1923,897
1960,897
204,898
255,898
291,898
405,898
454,898
464,898
471,898
622,898
722,898
803,898
896,898
950,898
1205,898
1227,898
1265,898
1332,898
1373,898
1428,898
1497,898
1541,898
1549,898
1752,898
1796,898
1862,898
1922,898
1961,898
205,899
291,899
405,899
455,899
622,899
682,899
721,899
802,899
1154,899
1203,899
1228,899
1266,899
1332,899
1373,899
1427,899
1497,899
1548,899
1659,899
1701,899
1752,899
1796,899
1922,899
1966,899
141,900
290,900
405,900
453,900
574,900
622,900
677,900
721,900
801,900
1050,900
1154,900
1203,900
1228,900
1332,900
1373,900
1498,900
1551,900
1661,900
1700,900
1752,900
1797,900
1922,900
142,901
251,901
290,901
404,901
453,901
575,901
621,901
676,901
720,901
786,901
794,901
802,901
845,901
952,901
1050,901
1153,901
1205,901
1227,901
1271,901
1333,901
1373,901
1498,901
1550,901
1592,901
1636,901
1662,901
1699,901
1798,901
1858,901
1968,901
1974,901
200,902
251,902
293,902
404,902
452,902
575,902
620,902
675,902
720,902
789,902
846,902
894,902
1050,902
1153,902
1227,902
1271,902
1333,902
1497,902
1551,902
1590,902
1636,902
1662,902
1699,902
1798,902
1857,902
1974,902
199,903
251,903
403,903
452,903
575,903
620,903
675,903
720,903
786,903
847,903
1050,903
1152,903
1225,903
1334,903
1429,903
1498,903
1551,903
1590,903
1635,903
1662,903
1699,903
1798,903
1857,903
1975,903
198,904
251,904
402,904
451,904
575,904
619,904
674,904
719,904
785,904
847,904
1049,904
1152,904
1275,904
1334,904
1377,904
1429,904
1498,904
1552,904
1590,904
1634,904
1659,904
1699,904
1755,904
1798,904
1856,904
1976,904
198,905
250,905
401,905
450,905
574,905
618,905
673,905
718,905
785,905
847,905
954,905
1049,905
1152,905
1277,905
1334,905
1429,905
1499,905
1553,905
1590,905
1637,905
1660,905
1699,905
1856,905
1976,905
140,906
197,906
250,906
400,906
449,906
574,906
617,906
674,906
717,906
784,906
847,906
955,906
1049,906
1152,906
1278,906
1335,906
1377,906
1429,906
1499,906
1553,906
1590,906
1634,906
1661,906
1698,906
1804,906
1856,906
1976,906
140,907
197,907
250,907
399,907
449,907
573,907
614,907
673,907
716,907
783,907
847,907
893,907
954,907
1048,907
1152,907
1278,907
1337,907
1429,907
1500,907
1554,907
1590,907
1633,907
1660,907
1698,907
1758,907
1804,907
1856,907
1977,907
140,908
197,908
250,908
398,908
446,908
573,908
672,908
714,908
783,908
847,908
893,908
955,908
1048,908
1151,908
1278,908
1338,908
1429,908
1500,908
1555,908
1590,908
1633,908
1660,908
1697,908
1758,908
1855,908
1919,908
1978,908
140,909
197,909
250,909
573,909
671,909
782,909
848,909
893,909
954,909
1048,909
1150,909
1278,909
1338,909
1383,909
1430,909
1501,909
1555,909
1589,909
1634,909
1659,909
1697,909
1759,909
1810,909
1855,909
1919,909
1978,909
139,910
197,910
250,910
573,910
670,910
781,910
848,910
893,910
955,910
1047,910
1149,910
1278,910
1339,910
1383,910
1430,910
1501,910
1558,910
1589,910
1635,910
1696,910
1759,910
1811,910
1854,910
1919,910
1979,910
139,911
196,911
249,911
573,911
669,911
780,911
848,911
893,911
955,911
1046,911
1149,911
1279,911
1341,911
1383,911
1430,911
1503,911
1560,911
1587,911
1635,911
1696,911
1760,911
1812,911
1853,911
1918,911
1980,911
139,912
195,912
249,912
572,912
667,912
848,912
893,912
955,912
1045,912
1148,912
1280,912
1383,912
1430,912
1504,912
1587,912
1695,912
1760,912
1812,912
1852,912
1919,912
1980,912
140,913
195,913
248,913
572,913
849,913
893,913
955,913
1044,913
1147,913
1281,913
1384,913
1430,913
1587,913
1694,913
1760,913
1813,913
1852,913
1919,913
1983,913
139,914
194,914
248,914
571,914
849,914
892,914
955,914
1044,914
1146,914
1281,914
1384,914
1429,914
1586,914
1693,914
1760,914
1813,914
1851,914
1919,914
1983,914
139,915
194,915
249,915
571,915
850,915
892,915
955,915
1043,915
1282,915
1384,915
1430,915
1586,915
1692,915
1760,915
1813,915
1850,915
1919,915
139,916
194,916
248,916
571,916
850,916
892,916
955,916
1043,916
1283,916
1384,916
1430,916
1584,916
1761,916
1814,916
1848,916
1918,916
139,917
193,917
248,917
571,917
850,917
892,917
956,917
1285,917
1384,917
1430,917
1761,917
1814,917
1848,917
1918,917
138,918
191,918
570,918
851,918
892,918
957,918
1384,918
1430,918
1761,918
1815,918
1918,918
140,919
851,919
892,919
957,919
1385,919
1430,919
1761,919
1815,919
1918,919
139,920
852,920
891,920
957,920
1386,920
1430,920
1761,920
1816,920
1917,920
139,921
891,921
957,921
1386,921
1431,921
1763,921
1817,921
1917,921
139,922
892,922
1386,922
1763,922
1818,922
1917,922
139,923
891,923
1387,923
1763,923
1820,923
1916,923
139,924
891,924
1387,924
1915,924
1389,925
1389,926
1389,927
713,1057
662,1058
714,1058
662,1059
714,1059
662,1060
714,1060
662,1061
713,1061
533,1062
662,1062
713,1062
535,1063
663,1063
712,1063
536,1064
663,1064
713,1064
783,1064
536,1065
663,1065
713,1065
784,1065
1633,1065
456,1066
537,1066
663,1066
713,1066
782,1066
1290,1066
1632,1066
454,1067
537,1067
663,1067
712,1067
781,1067
867,1067
1127,1067
1290,1067
1632,1067
453,1068
538,1068
663,1068
712,1068
779,1068
867,1068
1047,1068
1129,1068
1291,1068
1460,1068
1632,1068
452,1069
539,1069
664,1069
712,1069
778,1069
868,1069
1046,1069
1130,1069
1238,1069
1292,1069
1460,1069
1631,1069
451,1070
539,1070
664,1070
713,1070
778,1070
869,1070
1046,1070
1130,1070
1242,1070
1292,1070
1461,1070
1632,1070
1901,1070
2016,1070
266,1071
271,1071
450,1071
539,1071
664,1071
712,1071
778,1071
870,1071
1045,1071
1131,1071
1204,1071
1242,1071
1293,1071
1461,1071
1632,1071
1901,1071
2016,1071
270,1072
449,1072
540,1072
663,1072
712,1072
777,1072
870,1072
1044,1072
1075,1072
1131,1072
1206,1072
1246,1072
1295,1072
1461,1072
1632,1072
1901,1072
1933,1072
2014,1072
268,1073
449,1073
540,1073
594,1073
663,1073
713,1073
776,1073
871,1073
945,1073
1043,1073
1077,1073
1133,1073
1200,1073
1237,1073
1245,1073
1295,1073
1462,1073
1632,1073
1901,1073
1934,1073
2014,1073
133,1074
138,1074
193,1074
268,1074
294,1074
448,1074
541,1074
594,1074
663,1074
712,1074
775,1074
872,1074
943,1074
1042,1074
1079,1074
1133,1074
1200,1074
1244,1074
1295,1074
1463,1074
1632,1074
1901,1074
1935,1074
2013,1074
138,1075
192,1075
269,1075
295,1075
448,1075
541,1075
594,1075
664,1075
712,1075
775,1075
872,1075
942,1075
1041,1075
1079,1075
1134,1075
1198,1075
1207,1075
1245,1075
1295,1075
1463,1075
1560,1075
1631,1075
1901,1075
1936,1075
2010,1075
139,1076
191,1076
269,1076
295,1076
448,1076
541,1076
594,1076
712,1076
774,1076
872,1076
940,1076
1042,1076
1080,1076
1134,1076
1206,1076
1245,1076
1296,1076
1463,1076
1563,1076
1632,1076
1901,1076
1936,1076
2006,1076
139,1077
190,1077
273,1077
296,1077
448,1077
541,1077
595,1077
619,1077
767,1077
775,1077
872,1077
940,1077
1041,1077
1080,1077
1134,1077
1246,1077
1297,1077
1463,1077
1563,1077
1632,1077
1722,1077
1901,1077
1937,1077
138,1078
189,1078
271,1078
295,1078
399,1078
448,1078
542,1078
595,1078
621,1078
757,1078
766,1078
775,1078
872,1078
938,1078
1041,1078
1081,1078
1135,1078
1199,1078
1205,1078
1246,1078
1296,1078
1463,1078
1565,1078
1632,1078
1723,1078
1900,1078
1938,1078
138,1079
188,1079
270,1079
298,1079
378,1079
400,1079
441,1079
597,1079
611,1079
622,1079
758,1079
873,1079
938,1079
1041,1079
1082,1079
1135,1079
1199,1079
1206,1079
1247,1079
1297,1079
1464,1079
1565,1079
1632,1079
1723,1079
1900,1079
1938,1079
137,1080
188,1080
271,1080
298,1080
378,1080
401,1080
440,1080
548,1080
596,1080
618,1080
758,1080
873,1080
938,1080
997,1080
1040,1080
1082,1080
1137,1080
1202,1080
1246,1080
1253,1080
1297,1080
1465,1080
1566,1080
1631,1080
1723,1080
1749,1080
1798,1080
1900,1080
1938,1080
137,1081
187,1081
271,1081
298,1081
377,1081
401,1081
435,1081
548,1081
597,1081
622,1081
711,1081
756,1081
873,1081
937,1081
999,1081
1039,1081
1083,1081
1201,1081
1255,1081
1262,1081
1300,1081
1464,1081
1567,1081
1631,1081
1723,1081
1749,1081
1775,1081
1799,1081
1900,1081
1939,1081
136,1082
187,1082
297,1082
389,1082
434,1082
597,1082
623,1082
756,1082
873,1082
936,1082
1000,1082
1040,1082
1083,1082
1142,1082
1200,1082
1261,1082
1302,1082
1464,1082
1568,1082
1631,1082
1723,1082
1751,1082
1776,1082
1799,1082
1900,1082
1939,1082
135,1083
184,1083
297,1083
377,1083
401,1083
433,1083
598,1083
624,1083
755,1083
917,1083
934,1083
974,1083
1000,1083
1084,1083
1200,1083
1262,1083
1464,1083
1568,1083
1631,1083
1726,1083
1751,1083
1775,1083
1799,1083
1900,1083
1939,1083
169,1084
184,1084
295,1084
378,1084
401,1084
433,1084
555,1084
597,1084
624,1084
666,1084
755,1084
878,1084
919,1084
935,1084
973,1084
1000,1084
1084,1084
1149,1084
1198,1084
1263,1084
1464,1084
1568,1084
1724,1084
1736,1084
1750,1084
1774,1084
1799,1084
1900,1084
1940,1084
172,1085
378,1085
400,1085
433,1085
554,1085
624,1085
667,1085
754,1085
879,1085
920,1085
937,1085
973,1085
1000,1085
1033,1085
1084,1085
1091,1085
1150,1085
1193,1085
1201,1085
1263,1085
1308,1085
1568,1085
1725,1085
1752,1085
1786,1085
1899,1085
1940,1085
170,1086
378,1086
398,1086
432,1086
555,1086
624,1086
667,1086
710,1086
754,1086
918,1086
971,1086
996,1086
1028,1086
1032,1086
1150,1086
1264,1086
1307,1086
1569,1086
1726,1086
1763,1086
1799,1086
1899,1086
1940,1086
169,1087
378,1087
432,1087
554,1087
623,1087
667,1087
711,1087
753,1087
917,1087
974,1087
998,1087
1028,1087
1093,1087
1099,1087
1150,1087
1264,1087
1308,1087
1570,1087
1629,1087
1727,1087
1752,1087
1773,1087
1798,1087
1898,1087
1939,1087
168,1088
431,1088
555,1088
667,1088
711,1088
752,1088
882,1088
917,1088
970,1088
998,1088
1029,1088
1099,1088
1150,1088
1190,1088
1265,1088
1309,1088
1570,1088
1575,1088
1726,1088
1752,1088
1773,1088
1797,1088
168,1089
431,1089
555,1089
667,1089
711,1089
752,1089
883,1089
916,1089
971,1089
997,1089
1029,1089
1100,1089
1151,1089
1186,1089
1265,1089
1309,1089
1753,1089
1774,1089
1798,1089
168,1090
430,1090
556,1090
667,1090
710,1090
750,1090
884,1090
915,1090
970,1090
997,1090
1028,1090
1101,1090
1152,1090
1185,1090
1267,1090
1309,1090
1469,1090
1581,1090
1752,1090
1775,1090
167,1091
429,1091
556,1091
667,1091
710,1091
750,1091
884,1091
914,1091
971,1091
997,1091
1027,1091
1101,1091
1152,1091
1184,1091
1268,1091
1309,1091
1470,1091
1582,1091
1777,1091
1896,1091
166,1092
428,1092
556,1092
667,1092
710,1092
884,1092
914,1092
972,1092
1027,1092
1101,1092
1153,1092
1184,1092
1271,1092
1310,1092
1471,1092
1584,1092
1629,1092
165,1093
426,1093
557,1093
667,1093
710,1093
884,1093
913,1093
973,1093
1026,1093
1102,1093
1153,1093
1184,1093
1311,1093
1472,1093
1584,1093
1629,1093
163,1094
557,1094
667,1094
710,1094
884,1094
912,1094
1026,1094
1103,1094
1154,1094
1183,1094
1311,1094
1471,1094
1585,1094
1629,1094
166,1095
558,1095
667,1095
710,1095
885,1095
1026,1095
1103,1095
1155,1095
1183,1095
1311,1095
1472,1095
1585,1095
1629,1095
560,1096
667,1096
710,1096
885,1096
1025,1096
1104,1096
1156,1096
1182,1096
1312,1096
1473,1096
1585,1096
1629,1096
560,1097
668,1097
710,1097
886,1097
1024,1097
1104,1097
1157,1097
1182,1097
1313,1097
1473,1097
1586,1097
1629,1097
561,1098
668,1098
710,1098
886,1098
1022,1098
1105,1098
1181,1098
1314,1098
1473,1098
1587,1098
1629,1098
562,1099
669,1099
710,1099
887,1099
1020,1099
1024,1099
1107,1099
1180,1099
1315,1099
1473,1099
1588,1099
1629,1099
668,1100
710,1100
887,1100
1110,1100
1180,1100
1473,1100
1588,1100
1629,1100
668,1101
710,1101
889,1101
1178,1101
1473,1101
1589,1101
1629,1101
710,1102
889,1102
1177,1102
1474,1102
1590,1102
1629,1102
710,1103
890,1103
1176,1103
1475,1103
1628,1103
709,1104
1475,1104
1628,1104
710,1105
1475,1105
1628,1105
1475,1106
1628,1106
1476,1107
1628,1107
1628,1108
1627,1109
1626,1110
284,1244
283,1245
282,1246
798,1246
281,1247
799,1247
279,1248
799,1248
966,1248
278,1249
496,1249
800,1249
278,1250
443,1250
496,1250
738,1250
800,1250
967,1250
277,1251
441,1251
494,1251
680,1251
738,1251
800,1251
967,1251
198,1252
277,1252
440,1252
493,1252
681,1252
740,1252
801,1252
967,1252
199,1253
276,1253
439,1253
492,1253
622,1253
681,1253
740,1253
801,1253
966,1253
200,1254
276,1254
379,1254
384,1254
438,1254
491,1254
623,1254
681,1254
740,1254
801,1254
966,1254
201,1255
275,1255
333,1255
338,1255
383,1255
437,1255
491,1255
624,1255
682,1255
740,1255
801,1255
966,1255
202,1256
275,1256
336,1256
383,1256
437,1256
491,1256
520,1256
626,1256
682,1256
740,1256
801,1256
966,1256
202,1257
274,1257
335,1257
382,1257
436,1257
491,1257
521,1257
627,1257
683,1257
741,1257
801,1257
966,1257
203,1258
269,1258
275,1258
335,1258
357,1258
382,1258
435,1258
490,1258
522,1258
627,1258
683,1258
742,1258
802,1258
864,1258
966,1258
204,1259
335,1259
357,1259
381,1259
429,1259
436,1259
488,1259
524,1259
628,1259
683,1259
742,1259
802,1259
864,1259
966,1259
204,1260
268,1260
311,1260
334,1260
356,1260
377,1260
420,1260
428,1260
435,1260
483,1260
489,1260
525,1260
628,1260
683,1260
742,1260
802,1260
865,1260
963,1260
205,1261
267,1261
313,1261
332,1261
360,1261
381,1261
421,1261
490,1261
525,1261
629,1261
684,1261
742,1261
802,1261
841,1261
865,1261
204,1262
262,1262
312,1262
323,1262
333,1262
356,1262
380,1262
420,1262
473,1262
480,1262
526,1262
630,1262
684,1262
742,1262
802,1262
839,1262
864,1262
204,1263
260,1263
312,1263
332,1263
355,1263
379,1263
419,1263
476,1263
526,1263
630,1263
685,1263
743,1263
802,1263
840,1263
861,1263
206,1264
259,1264
311,1264
333,1264
354,1264
379,1264
419,1264
474,1264
527,1264
630,1264
685,1264
743,1264
803,1264
841,1264
862,1264
206,1265
259,1265
309,1265
354,1265
418,1265
473,1265
527,1265
631,1265
685,1265
743,1265
838,1265
863,1265
259,1266
309,1266
354,1266
418,1266
472,1266
528,1266
631,1266
685,1266
743,1266
838,1266
862,1266
259,1267
309,1267
354,1267
417,1267
472,1267
529,1267
631,1267
685,1267
743,1267
838,1267
862,1267
258,1268
309,1268
356,1268
416,1268
471,1268
528,1268
535,1268
633,1268
838,1268
218,1269
257,1269
310,1269
415,1269
471,1269
536,1269
638,1269
838,1269
219,1270
257,1270
414,1270
470,1270
537,1270
542,1270
639,1270
689,1270
747,1270
839,1270
219,1271
257,1271
470,1271
542,1271
219,1272
256,1272
469,1272
543,1272
646,1272
689,1272
219,1273
255,1273
467,1273
544,1273
645,1273
808,1273
220,1274
254,1274
467,1274
544,1274
646,1274
809,1274
221,1275
253,1275
544,1275
646,1275
692,1275
750,1275
809,1275
221,1276
546,1276
647,1276
693,1276
751,1276
810,1276
221,1277
546,1277
647,1277
693,1277
751,1277
809,1277
222,1278
546,1278
648,1278
693,1278
751,1278
809,1278
223,1279
547,1279
648,1279
693,1279
751,1279
809,1279
225,1280
548,1280
648,1280
694,1280
751,1280
810,1280
226,1281
550,1281
649,1281
693,1281
751,1281
810,1281
228,1282
550,1282
650,1282
693,1282
752,1282
810,1282
552,1283
650,1283
694,1283
752,1283
810,1283
652,1284
694,1284
752,1284
811,1284
652,1285
695,1285
753,1285
811,1285
653,1286
696,1286
753,1286
812,1286
655,1287
696,1287
754,1287
810,1287
696,1288
754,1288
696,1289
754,1289
697,1290
755,1290
698,1291
756,1291
756,1292
