1079*710
866,26
899,26
850,27
867,27
899,27
847,28
868,28
900,28
869,29
900,29
869,30
900,30
842,31
869,31
900,31
841,32
899,32
825,33
840,33
899,33
839,34
875,34
900,34
839,35
875,35
838,36
876,36
838,37
877,37
836,38
877,38
931,38
878,39
899,39
934,39
900,40
934,40
899,41
920,41
934,41
899,42
920,42
931,42
946,42
900,43
919,43
932,43
946,43
899,44
919,44
947,44
899,45
918,45
947,45
899,46
949,46
899,47
949,47
957,49
959,50
960,51
960,52
961,53
962,54
717,100
716,101
759,101
715,102
760,102
715,103
732,103
762,103
787,103
715,104
733,104
762,104
789,104
714,105
733,105
762,105
789,105
677,106
713,106
735,106
762,106
790,106
676,107
713,107
734,107
762,107
790,107
623,108
677,108
735,108
763,108
790,108
813,108
849,108
625,109
649,109
678,109
791,109
814,109
849,109
626,110
649,110
678,110
688,110
742,110
791,110
815,110
849,110
626,111
650,111
679,111
687,111
708,111
742,111
816,111
849,111
626,112
651,112
661,112
689,112
707,112
742,112
769,112
816,112
849,112
609,113
626,113
651,113
660,113
690,113
707,113
743,113
769,113
816,113
849,113
608,114
627,114
662,114
690,114
707,114
744,114
769,114
796,114
817,114
848,114
607,115
663,115
707,115
745,115
770,115
796,115
824,115
849,115
607,116
664,116
706,116
771,116
797,116
824,116
848,116
607,117
632,117
705,117
771,117
797,117
826,117
869,117
606,118
632,118
771,118
797,118
826,118
871,118
633,119
772,119
798,119
826,119
871,119
549,120
633,120
798,120
827,120
871,120
550,121
581,121
599,121
633,121
828,121
872,121
550,122
583,122
599,122
634,122
829,122
847,122
873,122
550,123
583,123
599,123
635,123
847,123
550,124
572,124
581,124
598,124
848,124
550,125
572,125
581,125
598,125
848,125
875,125
550,126
571,126
597,126
848,126
879,126
551,127
570,127
596,127
847,127
879,127
570,128
847,128
879,128
897,128
908,128
848,129
879,129
897,129
908,129
532,130
847,130
881,130
896,130
909,130
530,131
881,131
897,131
909,131
923,131
530,132
897,132
908,132
924,132
529,133
551,133
924,133
506,134
529,134
551,134
925,134
504,135
529,135
552,135
925,135
504,136
552,136
925,136
504,137
551,137
503,138
521,138
551,138
503,139
522,139
551,139
932,139
502,140
521,140
552,140
932,140
521,141
933,141
463,142
467,142
520,142
934,142
466,143
518,143
934,143
948,143
961,143
466,144
498,144
518,144
934,144
949,144
961,144
984,144
467,145
496,145
936,145
948,145
961,145
984,145
346,146
428,146
468,146
496,146
950,146
962,146
984,146
344,147
427,147
468,147
478,147
496,147
949,147
961,147
983,147
344,148
426,148
440,148
469,148
479,148
495,148
963,148
983,148
344,149
373,149
425,149
440,149
480,149
495,149
984,149
343,150
372,150
387,150
425,150
440,150
452,150
480,150
494,150
983,150
344,151
372,151
387,151
424,151
442,151
454,151
481,151
493,151
983,151
343,152
372,152
388,152
424,152
441,152
453,152
482,152
342,153
371,153
388,153
455,153
371,154
389,154
455,154
340,155
370,155
389,155
420,155
453,155
292,156
398,156
417,156
293,157
367,157
398,157
417,157
980,157
337,158
364,158
399,158
417,158
981,158
337,159
364,159
400,159
416,159
980,159
337,160
363,160
400,160
416,160
980,160
337,161
363,161
402,161
415,161
980,161
337,162
363,162
413,162
980,162
336,163
361,163
980,163
335,164
360,164
979,164
1003,164
335,165
978,165
1002,165
978,166
1001,166
1001,167
999,168
1001,169
630,183
739,183
630,184
739,184
631,185
652,185
740,185
631,186
653,186
679,186
740,186
631,187
655,187
680,187
741,187
583,188
612,188
630,188
655,188
681,188
740,188
582,189
612,189
632,189
655,189
681,189
741,189
764,189
583,190
610,190
631,190
656,190
682,190
741,190
765,190
550,191
582,191
610,191
682,191
691,191
741,191
766,191
550,192
582,192
610,192
663,192
691,192
766,192
551,193
581,193
609,193
663,193
692,193
767,193
133,194
551,194
581,194
608,194
663,194
692,194
766,194
133,195
551,195
581,195
664,195
693,195
767,195
789,195
132,196
551,196
580,196
602,196
633,196
665,196
695,196
790,196
133,197
550,197
600,197
633,197
665,197
743,197
791,197
132,198
522,198
551,198
600,198
633,198
667,198
743,198
792,198
132,199
523,199
551,199
599,199
633,199
744,199
772,199
792,199
832,199
102,200
131,200
523,200
576,200
598,200
633,200
744,200
772,200
792,200
831,200
102,201
131,201
524,201
575,201
598,201
633,201
744,201
772,201
831,201
102,202
524,202
575,202
634,202
744,202
772,202
800,202
830,202
101,203
493,203
524,203
575,203
744,203
772,203
801,203
829,203
100,204
495,204
524,204
574,204
745,204
774,204
801,204
829,204
495,205
524,205
552,205
574,205
744,205
774,205
803,205
828,205
126,206
496,206
552,206
573,206
744,206
774,206
804,206
858,206
127,207
496,207
553,207
573,207
804,207
857,207
126,208
160,208
496,208
553,208
572,208
805,208
820,208
856,208
879,208
126,209
161,209
475,209
497,209
552,209
819,209
856,209
880,209
125,210
160,210
475,210
497,210
527,210
552,210
819,210
855,210
880,210
125,211
160,211
476,211
527,211
553,211
818,211
854,211
879,211
125,212
160,212
475,212
527,212
553,212
818,212
855,212
879,212
125,213
153,213
176,213
475,213
527,213
553,213
817,213
879,213
123,214
151,214
177,214
474,214
501,214
528,214
815,214
848,214
880,214
150,215
178,215
209,215
475,215
503,215
528,215
847,215
879,215
149,216
178,216
209,216
475,216
502,216
528,216
847,216
879,216
148,217
178,217
209,217
503,217
528,217
846,217
878,217
179,218
208,218
503,218
846,218
878,218
179,219
209,219
504,219
845,219
209,220
417,220
504,220
209,221
417,221
441,221
473,221
505,221
184,222
208,222
418,222
442,222
473,222
506,222
185,223
209,223
419,223
442,223
473,223
877,223
185,224
208,224
392,224
419,224
444,224
473,224
877,224
185,225
393,225
419,225
444,225
451,225
473,225
877,225
899,225
185,226
394,226
419,226
453,226
473,226
877,226
898,226
909,226
187,227
369,227
394,227
420,227
455,227
473,227
877,227
897,227
910,227
187,228
370,228
394,228
455,228
472,228
877,228
904,228
228,229
254,229
369,229
394,229
457,229
876,229
898,229
911,229
922,229
208,230
228,230
241,230
254,230
369,230
395,230
876,230
910,230
924,230
207,231
228,231
242,231
256,231
369,231
395,231
875,231
925,231
208,232
235,232
257,232
323,232
369,232
425,232
926,232
208,233
228,233
241,233
257,233
324,233
370,233
425,233
926,233
207,234
230,234
242,234
257,234
322,234
425,234
926,234
207,235
257,235
261,235
322,235
426,235
927,235
956,235
207,236
265,236
321,236
337,236
348,236
426,236
956,236
208,237
266,237
320,237
337,237
349,237
398,237
426,237
957,237
267,238
320,238
337,238
349,238
398,238
427,238
933,238
956,238
267,239
312,239
316,239
336,239
349,239
369,239
398,239
428,239
934,239
956,239
268,240
312,240
338,240
369,240
398,240
428,240
935,240
956,240
269,241
311,241
370,241
398,241
935,241
956,241
270,242
310,242
370,242
399,242
935,242
956,242
309,243
369,243
936,243
956,243
309,244
370,244
937,244
307,245
370,245
370,246
370,247
956,250
955,251
955,252
955,253
987,253
955,254
988,254
955,255
988,255
955,256
976,256
986,256
954,257
976,257
987,257
34,258
974,258
33,259
973,259
32,260
974,260
31,261
31,262
29,263
23,264
1012,264
24,265
1013,265
23,266
52,266
1013,266
22,267
52,267
1000,267
1010,267
22,268
53,268
283,268
627,268
657,268
684,268
718,268
1000,268
1011,268
1025,268
21,269
52,269
598,269
629,269
658,269
684,269
718,269
999,269
1025,269
20,270
52,270
523,270
547,270
601,270
630,270
658,270
685,270
718,270
998,270
1026,270
52,271
523,271
548,271
585,271
589,271
600,271
630,271
660,271
686,271
718,271
998,271
1026,271
52,272
524,272
549,272
587,272
602,272
631,272
659,272
687,272
718,272
1027,272
53,273
524,273
549,273
587,273
603,273
612,273
632,273
660,273
687,273
718,273
1027,273
525,274
550,274
586,274
604,274
612,274
638,274
687,274
718,274
1027,274
525,275
550,275
580,275
613,275
640,275
687,275
718,275
746,275
1027,275
494,276
525,276
551,276
575,276
615,276
640,276
666,276
718,276
746,276
1027,276
495,277
525,277
575,277
615,277
641,277
666,277
746,277
1028,277
52,278
495,278
525,278
574,278
616,278
642,278
667,278
694,278
746,278
52,279
470,279
496,279
557,279
643,279
668,279
694,279
746,279
52,280
470,280
497,280
557,280
668,280
695,280
746,280
778,280
52,281
83,281
471,281
497,281
558,281
669,281
695,281
746,281
778,281
52,282
84,282
472,282
497,282
559,282
695,282
777,282
1030,282
52,283
83,283
472,283
528,283
559,283
696,283
719,283
777,283
1030,283
52,284
83,284
472,284
528,284
559,284
697,284
718,284
777,284
1030,284
52,285
81,285
452,285
472,285
529,285
560,285
698,285
718,285
776,285
1031,285
73,286
81,286
452,286
472,286
503,286
529,286
719,286
775,286
1031,286
73,287
451,287
503,287
529,287
719,287
746,287
774,287
1031,287
73,288
451,288
504,288
529,288
718,288
746,288
72,289
451,289
504,289
530,289
718,289
745,289
71,290
420,290
451,290
505,290
531,290
719,290
745,290
421,291
450,291
505,291
718,291
746,291
770,291
420,292
450,292
476,292
507,292
746,292
770,292
136,293
421,293
449,293
476,293
745,293
770,293
135,294
421,294
476,294
770,294
135,295
421,295
476,295
770,295
134,296
421,296
477,296
768,296
134,297
422,297
446,297
477,297
767,297
133,298
152,298
398,298
422,298
446,298
478,298
767,298
134,299
152,299
398,299
446,299
477,299
820,299
133,300
153,300
399,300
446,300
820,300
153,301
398,301
446,301
820,301
832,301
154,302
398,302
445,302
821,302
832,302
154,303
398,303
445,303
822,303
833,303
845,303
154,304
397,304
445,304
833,304
846,304
128,305
154,305
424,305
444,305
833,305
847,305
127,306
155,306
424,306
848,306
127,307
155,307
424,307
849,307
128,308
424,308
849,308
128,309
189,309
215,309
364,309
424,309
849,309
191,310
215,310
234,310
352,310
365,310
396,310
425,310
852,310
190,311
213,311
234,311
351,311
365,311
376,311
396,311
425,311
856,311
124,312
159,312
189,312
214,312
234,312
311,312
350,312
366,312
377,312
395,312
425,312
857,312
124,313
158,313
188,313
213,313
234,313
286,313
312,313
349,313
367,313
375,313
396,313
425,313
857,313
159,314
179,314
188,314
213,314
236,314
258,314
286,314
313,314
349,314
377,314
396,314
858,314
886,314
159,315
179,315
213,315
235,315
259,315
287,315
314,315
348,315
378,315
396,315
858,315
886,315
159,316
179,316
213,316
235,316
260,316
287,316
314,316
395,316
859,316
886,316
159,317
178,317
235,317
260,317
288,317
314,317
341,317
395,317
859,317
885,317
161,318
177,318
236,318
261,318
288,318
317,318
341,318
883,318
161,319
176,319
261,319
288,319
339,319
874,319
884,319
161,320
208,320
264,320
322,320
340,320
873,320
208,321
322,321
339,321
873,321
208,322
239,322
268,322
295,322
323,322
338,322
873,322
208,323
240,323
268,323
294,323
323,323
871,323
207,324
239,324
269,324
295,324
324,324
870,324
912,324
207,325
240,325
269,325
296,325
324,325
911,325
240,326
270,326
296,326
327,326
910,326
241,327
269,327
297,327
910,327
241,328
272,328
909,328
241,329
901,329
909,329
241,330
898,330
898,331
897,332
897,333
923,333
924,334
924,335
925,336
925,337
926,338
932,340
933,341
934,342
934,343
935,344
936,345
946,346
946,347
549,348
642,348
947,348
551,349
642,349
948,349
959,349
552,350
641,350
948,350
960,350
552,351
641,351
948,351
960,351
494,352
553,352
641,352
961,352
975,352
496,353
553,353
641,353
962,353
975,353
496,354
523,354
553,354
591,354
641,354
658,354
962,354
976,354
448,355
483,355
497,355
523,355
578,355
591,355
605,355
618,355
640,355
660,355
976,355
448,356
483,356
497,356
523,356
579,356
590,356
604,356
619,356
640,356
661,356
977,356
449,357
482,357
498,357
525,357
534,357
559,357
577,357
590,357
606,357
618,357
661,357
694,357
977,357
449,358
481,358
498,358
525,358
534,358
560,358
578,358
605,358
619,358
662,358
694,358
977,358
448,359
480,359
498,359
536,359
561,359
606,359
618,359
663,359
694,359
977,359
448,360
480,360
506,360
536,360
561,360
663,360
694,360
449,361
479,361
507,361
561,361
664,361
694,361
449,362
507,362
562,362
639,362
694,362
723,362
428,363
449,363
471,363
475,363
507,363
562,363
638,363
670,363
694,363
723,363
427,364
471,364
508,364
563,364
638,364
671,364
722,364
981,364
427,365
471,365
508,365
638,365
671,365
723,365
980,365
426,366
470,366
509,366
638,366
672,366
722,366
980,366
396,367
426,367
470,367
512,367
638,367
672,367
722,367
981,367
396,368
426,368
470,368
637,368
673,368
722,368
981,368
395,369
426,369
468,369
637,369
674,369
694,369
742,369
981,369
395,370
450,370
468,370
637,370
674,370
694,370
742,370
982,370
396,371
449,371
694,371
744,371
983,371
60,372
396,372
422,372
449,372
694,372
744,372
58,373
396,373
449,373
695,373
745,373
58,374
396,374
420,374
450,374
695,374
721,374
745,374
58,375
420,375
449,375
694,375
721,375
745,375
56,376
419,376
449,376
721,376
56,377
419,377
449,377
720,377
1019,377
50,378
419,378
450,378
721,378
1020,378
48,379
380,379
418,379
721,379
751,379
1021,379
49,380
378,380
398,380
417,380
720,380
752,380
1022,380
48,381
378,381
398,381
416,381
752,381
768,381
1023,381
46,382
72,382
100,382
351,382
378,382
398,382
752,382
768,382
1023,382
46,383
72,383
102,383
349,383
366,383
377,383
398,383
752,383
770,383
1023,383
74,384
84,384
102,384
315,384
349,384
366,384
371,384
376,384
398,384
754,384
770,384
780,384
1023,384
69,385
76,385
85,385
102,385
316,385
349,385
366,385
398,385
754,385
771,385
780,385
72,386
86,386
102,386
316,386
349,386
365,386
398,386
755,386
782,386
85,387
103,387
316,387
348,387
364,387
398,387
755,387
782,387
83,388
103,388
135,388
316,388
364,388
399,388
782,388
1029,388
104,389
134,389
317,389
364,389
399,389
782,389
1029,389
133,390
165,390
318,390
807,390
1029,390
133,391
164,391
317,391
796,391
809,391
1030,391
134,392
163,392
288,392
318,392
342,392
795,392
808,392
820,392
1030,392
134,393
164,393
289,393
342,393
796,393
808,393
821,393
1031,393
1039,393
108,394
133,394
163,394
289,394
342,394
795,394
807,394
823,394
1032,394
1041,394
108,395
163,395
289,395
342,395
796,395
824,395
1043,395
108,396
163,396
220,396
290,396
342,396
824,396
1044,396
108,397
162,397
218,397
291,397
322,397
341,397
824,397
1044,397
108,398
162,398
218,398
273,398
322,398
825,398
1044,398
109,399
131,399
217,399
273,399
322,399
825,399
1045,399
110,400
131,400
193,400
217,400
261,400
273,400
296,400
322,400
1054,400
110,401
131,401
180,401
194,401
217,401
267,401
297,401
322,401
1054,401
131,402
157,402
187,402
261,402
272,402
298,402
323,402
1055,402
130,403
157,403
180,403
193,403
260,403
298,403
323,403
857,403
1056,403
130,404
157,404
180,404
192,404
260,404
298,404
324,404
830,404
857,404
1056,404
130,405
156,405
181,405
209,405
300,405
323,405
830,405
856,405
1057,405
130,406
156,406
210,406
831,406
856,406
156,407
210,407
832,407
855,407
156,408
209,408
832,408
856,408
155,409
208,409
832,409
855,409
208,410
833,410
206,411
113,412
851,413
884,413
851,414
884,414
851,415
883,415
850,416
883,416
850,417
882,417
850,418
881,418
849,419
882,419
875,423
875,424
905,424
875,425
905,425
874,426
904,426
873,427
904,427
561,428
874,428
903,428
561,429
873,429
904,429
447,430
561,430
871,430
903,430
447,431
560,431
871,431
449,432
473,432
561,432
448,433
474,433
561,433
922,433
449,434
475,434
561,434
923,434
449,435
475,435
560,435
903,435
923,435
449,436
475,436
499,436
560,436
620,436
902,436
924,436
450,437
475,437
499,437
510,437
619,437
902,437
925,437
398,438
449,438
476,438
499,438
511,438
618,438
902,438
925,438
398,439
449,439
500,439
512,439
582,439
594,439
619,439
902,439
924,439
397,440
512,440
582,440
595,440
618,440
902,440
925,440
397,441
512,441
588,441
618,441
902,441
925,441
397,442
417,442
481,442
560,442
581,442
594,442
618,442
902,442
398,443
417,443
431,443
481,443
560,443
581,443
595,443
398,444
417,444
431,444
452,444
481,444
560,444
583,444
373,445
397,445
417,445
431,445
453,445
481,445
560,445
635,445
373,446
397,446
417,446
432,446
453,446
483,446
560,446
614,446
636,446
373,447
419,447
432,447
453,447
483,447
560,447
614,447
637,447
678,447
929,447
372,448
433,448
453,448
560,448
614,448
638,448
647,448
677,448
930,448
372,449
453,449
560,449
613,449
638,449
647,449
676,449
930,449
347,450
372,450
454,450
560,450
613,450
649,450
675,450
930,450
347,451
372,451
454,451
612,451
649,451
675,451
692,451
930,451
347,452
398,452
454,452
611,452
651,452
675,452
692,452
931,452
347,453
398,453
455,453
611,453
694,453
932,453
945,453
347,454
398,454
694,454
931,454
944,454
322,455
346,455
398,455
666,455
694,455
945,455
957,455
322,456
346,456
370,456
398,456
666,456
694,456
952,456
321,457
347,457
370,457
398,457
665,457
695,457
946,457
957,457
321,458
371,458
398,458
665,458
695,458
730,458
958,458
320,459
371,459
398,459
664,459
729,459
958,459
321,460
370,460
398,460
663,460
728,460
321,461
370,461
727,461
320,462
345,462
370,462
700,462
728,462
320,463
345,463
370,463
700,463
727,463
344,464
700,464
727,464
344,465
700,465
727,465
752,465
263,466
345,466
701,466
752,466
982,466
264,467
345,467
702,467
752,467
981,467
264,468
344,468
702,468
722,468
752,468
969,468
980,468
264,469
300,469
320,469
721,469
752,469
970,469
980,469
87,470
265,470
300,470
319,470
720,470
752,470
968,470
981,470
86,471
237,471
266,471
288,471
299,471
319,471
720,471
751,471
968,471
85,472
237,472
266,472
290,472
300,472
319,472
720,472
751,472
969,472
85,473
238,473
266,473
289,473
319,473
719,473
771,473
84,474
219,474
239,474
265,474
288,474
319,474
719,474
772,474
84,475
218,475
239,475
288,475
319,475
718,475
773,475
84,476
218,476
239,476
319,476
773,476
83,477
169,477
218,477
239,477
318,477
773,477
990,477
101,478
127,478
167,478
217,478
240,478
750,478
773,478
992,478
102,479
128,479
167,479
197,479
217,479
270,479
749,479
773,479
992,479
61,480
103,480
129,480
166,480
197,480
217,480
271,480
749,480
774,480
992,480
61,481
104,481
129,481
165,481
195,481
218,481
271,481
749,481
774,481
994,481
61,482
104,482
109,482
130,482
165,482
194,482
271,482
749,482
1001,482
61,483
77,483
111,483
131,483
165,483
194,483
244,483
271,483
749,483
795,483
1002,483
77,484
113,484
130,484
165,484
193,484
244,484
272,484
748,484
796,484
1004,484
77,485
113,485
137,485
244,485
272,485
748,485
797,485
1004,485
76,486
114,486
139,486
185,486
214,486
245,486
273,486
747,486
798,486
1005,486
1014,486
76,487
115,487
140,487
161,487
184,487
214,487
246,487
273,487
778,487
798,487
1015,487
140,488
160,488
184,488
214,488
246,488
779,488
798,488
1016,488
141,489
159,489
183,489
214,489
246,489
779,489
799,489
1016,489
142,490
159,490
182,490
214,490
247,490
779,490
799,490
1017,490
142,491
158,491
181,491
213,491
779,491
799,491
1017,491
158,492
213,492
780,492
1018,492
157,493
212,493
780,493
1018,493
157,494
212,494
780,494
804,496
1022,496
804,497
1024,497
804,498
1024,498
805,499
805,500
805,501
806,502
807,503
483,510
425,511
483,511
425,512
483,512
425,513
447,513
484,513
425,514
448,514
483,514
426,515
449,515
483,515
517,515
426,516
449,516
482,516
516,516
426,517
451,517
483,517
515,517
528,517
425,518
451,518
482,518
515,518
530,518
426,519
451,519
514,519
531,519
513,520
532,520
392,521
513,521
533,521
393,522
457,522
505,522
533,522
393,523
405,523
457,523
480,523
505,523
534,523
395,524
404,524
458,524
481,524
504,524
541,524
869,524
880,524
394,525
406,525
428,525
459,525
480,525
504,525
541,525
584,525
868,525
882,525
407,526
428,526
459,526
481,526
503,526
541,526
585,526
868,526
881,526
407,527
428,527
460,527
481,527
502,527
541,527
586,527
870,527
883,527
406,528
428,528
461,528
480,528
502,528
543,528
587,528
870,528
882,528
428,529
480,529
543,529
587,529
882,529
312,530
428,530
479,530
588,530
314,531
429,531
596,531
293,532
314,532
429,532
596,532
293,533
315,533
429,533
596,533
294,534
315,534
597,534
293,535
316,535
598,535
293,536
320,536
598,536
637,536
293,537
324,537
600,537
638,537
294,538
325,538
639,538
294,539
326,539
640,539
327,540
641,540
327,541
641,541
327,542
641,542
645,542
328,543
650,543
651,544
295,545
651,545
263,546
295,546
652,546
263,547
274,547
295,547
653,547
694,547
263,548
273,548
295,548
654,548
667,548
679,548
695,548
252,549
263,549
276,549
295,549
666,549
679,549
695,549
250,550
276,550
295,550
666,550
678,550
696,550
250,551
274,551
295,551
667,551
678,551
696,551
249,552
296,552
667,552
696,552
186,553
248,553
696,553
187,554
239,554
246,554
696,554
188,555
239,555
697,555
188,556
238,556
188,557
237,557
723,557
109,558
143,558
188,558
237,558
724,558
79,559
110,559
143,559
188,559
235,559
701,559
724,559
79,560
110,560
142,560
158,560
189,560
701,560
724,560
80,561
110,561
142,561
159,561
189,561
701,561
724,561
80,562
109,562
141,562
160,562
701,562
724,562
81,563
109,563
141,563
161,563
191,563
701,563
724,563
81,564
110,564
140,564
161,564
702,564
81,565
110,565
140,565
161,565
702,565
139,566
165,566
193,566
703,566
168,567
193,567
703,567
168,568
194,568
86,569
169,569
194,569
86,570
135,570
170,570
194,570
87,571
111,571
135,571
171,571
194,571
87,572
111,572
135,572
171,572
195,572
87,573
111,573
134,573
196,573
88,574
111,574
134,574
89,575
111,575
134,575
111,576
133,576
112,577
132,577
112,578
424,595
424,596
394,597
425,597
396,598
425,598
355,599
397,599
427,599
323,600
356,600
397,600
427,600
323,601
354,601
398,601
427,601
511,601
323,602
353,602
398,602
511,602
323,603
353,603
478,603
512,603
538,603
322,604
352,604
407,604
478,604
512,604
540,604
322,605
353,605
408,605
433,605
478,605
491,605
511,605
539,605
322,606
409,606
434,606
480,606
491,606
512,606
539,606
322,607
410,607
435,607
480,607
492,607
539,607
345,608
410,608
435,608
492,608
540,608
345,609
411,609
435,609
492,609
540,609
345,610
436,610
540,610
303,611
343,611
438,611
514,611
303,612
343,612
514,612
288,613
302,613
321,613
342,613
514,613
295,614
320,614
514,614
288,615
301,615
320,615
515,615
288,616
301,616
321,616
514,616
287,617
320,617
320,618
319,619
236,620
218,621
237,621
218,622
237,622
219,623
238,623
218,624
238,624
246,624
218,625
239,625
248,625
217,626
248,626
218,627
249,627
188,628
218,628
249,628
189,629
251,629
189,630
189,631
189,632
189,633
143,634
190,634
217,634
142,635
216,635
142,636
217,636
142,637
217,637
142,638
158,638
217,638
141,639
159,639
217,639
141,640
159,640
216,640
142,641
160,641
171,641
141,642
159,642
171,642
161,643
173,643
194,643
173,644
193,644
173,645
194,645
119,646
107,647
120,647
108,648
120,648
138,648
106,649
120,649
138,649
107,650
118,650
138,650
107,651
138,651
138,652
137,653
137,654
137,655
136,656
136,657
