2080*1398
8,335
9,334
10,335
11,335
12,336
12,353
13,336
13,355
14,336
14,354
15,336
15,355
16,335
16,353
17,334
17,344
17,356
18,356
19,357
20,357
21,358
22,361
36,534
41,533
42,533
43,534
44,362
45,361
45,533
46,359
46,531
47,358
47,532
48,358
48,532
49,357
49,531
50,356
50,531
51,356
51,531
52,355
52,531
53,355
53,531
54,355
54,532
55,354
55,531
56,354
56,531
57,353
57,531
58,353
58,531
59,352
59,531
60,531
61,349
61,530
62,347
62,531
63,348
63,530
64,341
64,530
65,342
65,531
66,341
67,341
68,340
69,340
70,340
71,340
71,698
72,339
72,698
73,338
73,698
74,338
74,698
75,337
75,698
76,337
76,698
77,336
77,699
78,335
78,701
78,721
79,334
79,702
79,722
80,333
80,703
80,722
81,703
81,720
82,701
82,720
83,723
84,724
85,725
86,725
87,726
88,728
89,724
89,731
91,517
92,517
93,516
94,516
95,517
96,517
97,519
97,538
98,520
98,538
99,523
99,538
100,520
100,537
101,539
102,539
103,540
104,541
105,355
105,542
106,354
106,538
106,545
107,355
107,719
108,354
108,719
109,353
109,718
110,353
110,718
111,332
111,352
111,717
112,331
112,351
112,716
113,331
113,347
113,717
114,333
114,349
114,717
115,330
115,348
115,717
116,330
116,717
117,329
117,716
118,328
118,716
119,327
119,716
120,327
120,716
121,324
121,328
121,715
128,710
129,709
130,709
131,709
132,709
133,709
134,709
135,709
136,708
137,708
138,708
139,707
140,513
140,707
141,512
141,707
142,512
142,536
142,706
143,511
143,536
143,706
144,511
144,537
144,706
145,510
145,537
146,511
146,538
147,526
148,511
148,537
149,513
149,539
150,513
150,540
151,540
152,539
153,1092
154,1092
155,1092
156,1091
157,1091
158,1091
159,1091
160,1091
161,1090
162,1090
163,1090
164,1090
165,1090
166,1090
166,1272
167,1089
167,1275
168,1089
168,1275
169,885
169,1089
169,1275
170,886
170,1276
171,886
171,1277
172,886
172,1277
173,887
173,1086
173,1277
174,888
174,1278
175,723
175,888
175,1278
176,722
176,890
176,1279
177,722
177,891
177,1086
177,1279
178,721
178,892
178,908
178,1084
178,1279
179,721
179,890
179,906
179,1084
179,1281
180,720
180,904
180,1084
180,1281
181,719
181,905
181,1085
181,1281
182,719
182,907
182,1085
183,718
183,908
183,1085
184,718
184,908
184,1084
185,718
185,909
185,1084
186,712
186,910
186,1084
187,705
187,711
187,910
187,1083
188,704
188,913
188,1084
189,705
189,1083
190,704
190,1082
191,704
191,1082
192,703
192,1082
193,703
193,1082
194,703
194,1082
195,702
196,700
196,1275
197,699
197,1274
198,698
198,1273
199,697
199,1273
200,696
200,1272
201,1272
202,1271
203,1271
204,1271
205,1271
206,1270
207,1270
208,1269
209,1269
210,1269
211,1269
212,1268
213,1268
214,332
214,722
215,331
215,721
216,331
216,721
217,330
217,720
217,1065
218,331
218,719
218,1065
219,332
219,352
219,719
219,1065
219,1263
220,333
220,353
220,719
220,1065
220,1261
221,335
221,353
221,718
221,1066
221,1261
222,334
222,344
222,354
222,717
222,1066
222,1260
223,334
223,355
223,717
223,1067
223,1260
224,355
224,717
224,1068
224,1260
225,355
225,717
225,887
225,1070
225,1090
225,1260
226,356
226,716
226,889
226,1069
226,1078
226,1090
226,1260
227,357
227,715
227,890
227,1071
227,1087
227,1260
228,354
228,359
228,715
228,891
228,1089
228,1259
229,715
229,892
229,1092
229,1258
230,715
230,892
230,1092
230,1258
231,715
231,893
231,1092
231,1258
232,894
232,1092
232,1258
233,894
233,1093
233,1257
234,894
234,1095
234,1256
235,710
235,895
235,1096
235,1255
236,710
236,895
236,1096
236,1255
237,520
237,708
237,895
237,1254
238,520
238,705
238,1255
239,520
239,704
240,520
240,705
240,902
240,908
241,520
241,704
241,910
242,521
242,704
242,909
243,521
243,704
243,910
244,521
244,704
244,909
245,521
245,704
245,910
246,521
246,703
246,910
247,521
247,703
247,911
248,521
248,702
248,912
249,522
249,701
249,913
250,521
250,701
250,914
251,522
251,700
251,914
252,521
252,700
252,916
253,522
253,700
253,917
254,522
254,698
255,523
255,698
258,1094
259,1093
260,359
260,1092
261,360
261,524
261,1091
262,359
262,1090
262,1254
262,1278
263,358
263,1090
263,1252
263,1278
264,357
264,525
264,1090
264,1252
264,1278
265,356
265,524
265,1089
265,1252
265,1279
266,356
266,525
266,1089
266,1251
266,1279
267,355
267,525
267,1088
267,1265
268,355
268,525
268,1088
268,1251
268,1267
268,1280
269,354
269,525
269,1088
269,1251
269,1279
270,353
270,525
270,1087
270,1253
270,1278
271,353
271,525
271,886
271,1086
271,1252
271,1276
272,352
272,526
272,888
272,1086
272,1254
272,1277
273,348
273,525
273,889
273,1086
274,347
274,525
274,890
275,338
275,346
275,526
275,890
276,339
276,526
276,891
277,338
277,526
277,891
277,1080
278,338
278,527
278,892
278,1078
279,337
279,527
279,892
279,1076
280,336
280,526
280,893
280,1075
281,336
281,526
281,894
281,1075
282,336
282,527
282,893
282,1074
283,335
283,527
283,1075
284,334
284,908
284,1075
285,333
285,906
285,1075
286,332
286,907
286,1073
287,330
287,908
287,1073
288,330
288,909
288,1072
289,909
289,1072
290,909
290,1071
291,910
291,1071
292,911
292,1069
293,912
293,1068
294,913
294,1068
295,915
295,1067
296,914
300,517
301,515
302,515
303,514
303,1286
304,515
304,537
304,1285
305,515
305,538
305,1284
306,515
306,539
306,1283
307,519
307,539
307,1283
308,517
308,527
308,539
308,1282
309,517
309,540
309,1281
310,351
310,540
310,1281
311,352
311,541
311,1280
312,352
312,542
312,1279
313,352
313,537
313,1277
314,351
314,1261
314,1271
314,1279
315,351
315,1263
316,350
316,1261
317,350
317,1260
318,351
318,1068
318,1073
318,1259
319,351
319,1069
319,1258
320,351
320,1069
320,1258
321,350
321,1070
321,1257
322,350
322,894
322,1069
322,1257
323,350
323,893
323,1071
323,1256
324,350
324,894
324,1072
324,1255
325,350
325,894
325,1072
325,1253
326,350
326,894
326,1073
326,1096
326,1249
327,895
327,1075
327,1094
328,895
328,1074
328,1084
328,1095
329,895
329,1074
329,1093
330,895
330,1094
331,734
331,895
331,1096
332,350
332,732
332,895
332,1096
333,732
333,896
333,1097
334,731
334,896
334,1098
335,347
335,730
335,895
335,1099
336,348
336,730
336,896
336,1099
337,348
337,729
337,896
337,1100
338,347
338,728
338,896
338,1099
338,1104
339,347
339,728
339,897
340,347
340,727
340,897
341,348
341,727
342,347
342,726
343,347
343,537
343,720
343,726
344,346
344,536
344,719
344,724
345,346
345,536
345,709
345,718
345,898
345,1263
346,347
346,536
346,713
346,1263
347,347
347,535
347,710
347,1264
348,347
348,535
348,708
348,899
348,1264
349,347
349,534
349,708
349,900
349,1264
350,346
350,534
350,708
350,900
350,1264
351,346
351,534
351,708
351,901
351,1264
352,346
352,534
352,707
352,900
352,1264
353,534
353,706
353,900
353,1264
354,534
354,705
354,900
354,1265
355,533
355,705
355,900
355,1264
356,533
356,704
356,900
356,1264
357,533
357,702
357,901
357,1264
358,533
358,701
358,901
358,1265
359,700
359,901
359,1264
360,901
360,1265
361,902
361,1264
362,902
362,1264
363,902
364,902
365,529
365,902
365,1069
366,527
366,902
366,1072
367,527
367,902
367,1072
367,1264
368,527
368,1072
369,527
369,1073
370,528
370,1074
371,527
371,1075
371,1265
372,328
372,527
372,1076
372,1265
373,329
373,527
373,1076
373,1265
374,330
374,526
374,1076
374,1265
375,331
375,526
375,1076
375,1266
376,333
376,526
376,1077
376,1266
377,332
377,525
377,1078
377,1266
378,333
378,525
378,892
378,1083
378,1266
379,334
379,525
379,716
379,892
379,1084
379,1092
379,1266
380,334
380,525
380,717
380,893
380,1088
380,1266
381,335
381,525
381,716
381,893
381,1091
381,1266
382,335
382,524
382,716
382,893
382,1091
382,1266
383,335
383,715
383,893
383,1092
383,1266
384,335
384,716
384,894
384,1092
384,1266
385,336
385,716
385,894
385,1093
385,1265
386,335
386,340
386,716
386,894
386,1093
386,1266
387,342
387,716
387,894
387,1093
387,1266
388,715
388,895
388,1094
388,1266
389,343
389,715
389,895
389,1096
389,1266
390,349
390,716
390,895
390,1097
391,348
391,715
391,895
391,1098
392,349
392,716
392,895
392,1100
393,349
393,715
393,895
394,350
394,522
394,715
394,895
395,350
395,523
395,715
396,350
396,523
397,350
397,523
398,351
398,524
399,352
399,523
400,353
400,523
400,714
401,354
401,523
402,355
402,524
403,356
403,524
403,899
404,356
404,524
404,715
404,899
405,524
405,713
405,899
406,524
406,714
406,900
407,524
407,713
407,900
408,524
408,714
408,900
409,525
409,714
409,900
410,524
410,714
410,900
411,524
411,713
411,898
411,904
412,713
412,901
413,714
413,901
414,714
414,901
415,714
415,899
416,351
416,714
416,901
417,350
417,713
417,901
418,349
418,713
418,897
418,902
419,348
419,526
419,713
419,902
419,1081
420,347
420,526
420,713
420,903
420,1081
421,347
421,527
421,713
421,1081
422,347
422,527
422,1081
423,346
423,527
423,1082
424,345
424,526
424,1083
425,345
425,527
425,1083
426,345
426,527
426,1083
427,345
427,527
427,1083
428,345
428,527
428,1084
429,345
429,527
429,1084
430,345
430,527
430,884
430,1084
431,344
431,527
431,884
431,1084
432,343
432,528
432,883
432,1084
433,343
433,528
433,887
433,1084
434,528
434,887
434,1084
435,527
435,698
435,886
435,1085
436,339
436,527
436,698
436,889
437,339
437,528
437,698
437,889
438,340
438,699
438,889
438,1086
439,699
439,889
439,1086
440,335
440,700
440,890
441,334
441,701
441,891
442,335
442,702
442,891
443,334
443,703
443,892
443,1090
444,334
444,703
444,895
444,1089
445,334
445,705
445,723
445,896
445,1089
446,334
446,704
446,711
446,721
446,896
446,1090
447,333
447,703
447,713
447,722
447,1090
448,333
448,721
448,902
448,1091
449,332
449,723
449,903
449,1090
450,332
450,723
450,903
450,1090
451,332
451,723
451,903
451,1091
452,332
452,724
452,903
452,1091
453,331
453,725
453,904
453,1091
454,330
454,726
454,905
454,1092
455,330
455,727
455,905
455,1092
456,329
456,728
456,906
456,1092
456,1136
457,329
457,729
457,906
457,1092
457,1137
458,520
458,907
458,1093
459,520
459,908
459,1093
460,521
460,909
461,521
461,910
462,522
462,910
462,1268
463,523
463,1269
464,523
464,1269
465,524
465,1268
466,525
466,1268
467,526
467,1269
468,527
468,1269
469,526
469,535
469,544
469,1269
470,541
470,1269
471,542
471,1269
472,544
472,1269
473,545
473,905
473,1269
474,545
474,905
474,1269
475,365
475,546
475,904
475,1269
476,364
476,546
476,1269
477,362
477,548
477,1269
478,361
478,549
478,1269
479,361
479,550
479,907
480,360
480,552
480,905
481,359
481,905
482,359
482,904
483,358
483,904
484,357
484,904
485,357
485,904
485,1268
486,357
486,904
487,357
487,904
487,1270
488,356
488,904
488,1269
489,356
489,905
489,1269
490,355
490,904
490,1269
491,904
491,1269
492,351
492,904
492,1270
493,350
493,904
493,1270
494,350
494,1269
495,344
495,1269
496,343
496,1270
497,343
497,903
497,1270
498,343
498,903
498,1270
499,342
499,1269
500,342
500,1269
501,341
501,515
501,1269
502,341
502,516
502,902
502,1269
503,341
503,515
503,703
503,902
503,1269
504,340
504,516
504,702
504,903
505,339
505,517
505,701
505,903
506,338
506,518
506,701
506,723
506,903
507,338
507,518
507,701
507,724
507,903
508,337
508,519
508,702
508,724
508,902
509,337
509,518
509,704
509,723
509,902
510,335
510,519
510,703
510,722
510,903
511,335
511,519
511,704
511,724
511,903
512,520
512,704
512,725
512,903
513,521
513,721
513,729
513,903
514,520
514,720
514,726
514,902
515,520
515,725
515,902
516,520
516,902
517,902
518,902
519,525
519,902
520,526
520,902
521,525
521,902
523,530
524,530
525,530
526,531
527,531
528,530
529,531
529,1101
530,345
530,532
530,1099
531,345
531,532
531,1098
532,346
532,532
532,1096
533,346
533,533
533,1096
534,345
534,533
534,1095
535,345
535,534
535,1095
536,345
536,535
536,1094
537,346
537,536
537,1093
538,346
538,536
538,1093
539,346
539,708
539,1093
540,345
540,709
540,899
540,1093
541,346
541,710
541,899
541,1092
542,346
542,710
542,897
542,1091
543,346
543,710
543,897
543,1091
544,347
544,711
544,897
544,1085
545,347
545,711
545,897
546,346
546,712
546,897
546,1077
546,1084
547,346
547,712
547,897
547,1077
548,347
548,712
548,896
548,1077
549,712
549,896
549,1077
550,713
550,896
550,1077
551,713
551,896
551,1076
552,347
552,713
552,896
552,1075
553,348
553,568
553,896
553,1075
554,349
554,569
554,895
554,1075
555,349
555,895
555,1074
556,573
556,1074
557,349
557,1073
558,348
558,722
558,1071
559,348
559,723
559,1070
560,348
560,723
560,1070
561,349
561,723
561,1068
562,349
562,723
562,892
563,349
563,723
563,891
564,348
564,722
564,891
565,348
565,724
565,890
566,349
566,725
566,891
567,349
567,725
567,891
568,349
568,725
568,891
569,349
569,726
569,891
570,349
570,727
570,891
571,349
571,728
571,890
572,349
572,548
572,728
572,890
573,350
573,549
573,728
573,890
574,350
574,548
574,889
574,1084
575,350
575,524
575,549
575,889
575,1084
576,350
576,523
576,549
576,888
576,1084
577,522
577,549
577,888
577,1084
577,1253
578,522
578,533
578,547
578,888
578,1084
578,1253
579,525
579,548
579,1085
579,1252
580,521
580,547
580,1086
580,1252
581,520
581,545
581,1086
581,1252
582,520
582,543
582,1085
582,1253
582,1278
583,520
583,1086
583,1253
583,1278
584,362
584,519
584,1086
584,1255
584,1279
585,362
585,519
585,1086
585,1255
585,1268
585,1280
586,362
586,1086
586,1255
586,1277
587,360
587,1086
587,1257
587,1280
588,359
588,1086
588,1256
588,1280
589,358
589,1086
589,1281
590,358
590,1087
590,1282
591,358
591,1282
592,357
592,707
592,1281
593,356
593,708
594,356
594,708
595,356
595,708
595,917
596,356
596,709
596,917
597,355
597,710
597,916
598,355
598,711
598,915
598,1090
599,354
599,711
599,914
599,1089
600,711
600,913
600,1089
601,711
601,913
601,1089
602,350
602,711
602,912
602,1090
603,350
603,712
603,912
603,1090
604,712
604,911
604,1090
605,345
605,713
605,911
605,1090
606,344
606,714
606,910
606,1090
607,343
607,910
607,1090
608,343
608,532
608,893
608,902
608,909
608,1091
609,342
609,532
609,893
609,900
609,1091
610,342
610,532
610,893
610,1091
611,342
611,532
611,892
611,1091
612,342
612,532
612,720
612,891
612,1091
613,342
613,532
613,721
613,892
613,1091
614,341
614,532
614,721
614,891
614,1091
615,340
615,532
615,722
615,890
616,340
616,532
616,722
616,889
617,339
617,532
617,722
617,888
618,339
618,533
618,722
618,888
619,338
619,532
619,722
619,886
620,336
620,532
620,723
620,886
621,336
621,532
621,724
621,883
622,532
622,724
623,532
623,725
624,533
624,725
625,532
625,725
626,726
627,727
628,727
629,1283
630,532
630,1284
631,532
631,1284
632,532
632,1285
633,327
633,1262
633,1284
634,329
634,533
634,1261
634,1284
635,329
635,532
635,1097
635,1260
635,1283
636,330
636,531
636,1098
636,1271
637,331
637,531
637,1096
637,1260
637,1283
638,332
638,532
638,1095
638,1258
638,1282
639,333
639,532
639,1095
639,1258
639,1280
640,333
640,532
640,1092
640,1257
641,334
641,532
641,1094
641,1258
642,334
642,532
642,1094
642,1257
642,1262
643,334
643,531
643,1095
644,334
644,532
644,914
644,1095
645,334
645,532
645,913
645,1094
646,335
646,532
646,912
646,1093
647,336
647,532
647,911
647,1093
648,335
648,532
648,910
648,1092
649,532
649,910
650,342
650,531
650,909
651,342
651,532
651,909
652,908
652,1087
653,348
653,722
653,727
653,907
653,1085
654,348
654,725
654,908
654,1083
655,348
655,724
655,908
655,1084
656,348
656,724
656,907
656,1083
657,349
657,724
657,907
657,1083
658,349
658,723
658,906
658,1083
659,350
659,722
659,1083
660,350
660,704
660,721
660,902
660,1082
661,351
661,703
661,719
661,1081
662,351
662,703
662,711
662,721
662,901
662,1080
663,352
663,703
663,720
663,1080
664,353
664,701
664,896
664,1080
665,354
665,701
665,896
665,1079
666,355
666,700
666,896
666,1079
667,356
667,700
667,896
667,1076
668,356
668,699
668,895
669,697
669,894
670,696
670,894
671,894
672,893
673,893
673,1273
674,892
674,1272
675,549
675,891
675,1272
676,548
676,890
676,1272
677,547
677,890
677,1272
678,545
678,890
678,1271
679,545
679,1270
680,544
680,1271
681,544
681,1270
682,543
682,1270
683,542
683,1270
684,542
684,1269
685,541
685,1269
686,540
686,1269
687,534
687,541
687,1078
687,1269
688,523
688,532
688,1078
688,1269
689,524
689,532
689,1079
689,1268
690,524
690,1079
691,523
691,1079
692,523
692,1079
693,522
693,1079
694,521
694,1080
695,521
695,1080
696,333
696,520
696,1080
696,1262
697,332
697,520
697,1080
697,1262
698,332
698,519
698,1080
698,1263
699,332
699,518
699,1080
699,1262
700,333
700,356
700,516
700,1081
700,1262
701,333
701,357
701,515
701,1081
701,1262
702,337
702,357
702,1080
702,1262
703,335
703,355
703,1080
703,1262
704,335
704,356
704,726
704,1262
705,337
705,359
705,725
705,1261
706,360
706,724
706,1261
707,360
707,724
707,1260
708,360
708,724
708,1260
709,359
709,723
709,1259
710,357
710,723
710,1259
711,722
711,1085
711,1259
712,721
712,1085
712,1257
713,721
713,1085
714,721
714,1084
715,721
715,1085
716,721
716,1085
717,720
717,1086
718,720
718,1086
719,720
719,1086
720,720
720,1085
721,719
721,1086
722,1086
723,1087
724,715
724,1087
725,715
725,1087
726,1087
727,712
727,1087
728,521
728,710
728,1087
729,521
729,710
730,522
730,710
731,523
731,710
732,524
732,710
733,524
733,709
734,525
734,709
735,527
735,709
736,527
736,542
736,709
737,526
737,534
737,542
737,708
737,1279
738,540
738,708
738,1280
739,544
739,707
739,1278
740,544
740,706
740,1278
741,544
741,706
741,1277
742,544
742,705
742,1276
743,545
743,705
743,1275
744,546
744,704
744,1275
745,547
745,1275
746,339
746,548
746,1274
747,339
747,723
747,1273
748,339
748,723
748,1273
749,340
749,723
749,1265
749,1272
750,341
750,723
750,1256
750,1263
751,341
751,722
751,1258
752,341
752,721
752,1255
753,341
753,721
753,912
753,1255
754,342
754,722
754,912
754,1255
755,342
755,721
755,910
755,1254
756,342
756,721
756,909
756,1254
757,343
757,720
757,908
757,1253
758,343
758,720
758,908
758,1251
759,343
759,720
759,907
759,1251
760,343
760,720
760,907
760,1250
761,344
761,720
761,906
761,1249
762,344
762,720
762,905
762,1246
763,344
763,719
763,904
764,720
764,887
764,897
764,905
765,887
765,896
765,905
766,348
766,887
767,349
767,886
768,349
768,886
769,350
769,885
770,349
770,885
771,351
771,884
772,352
772,883
773,352
773,714
773,882
774,352
774,714
774,881
775,352
775,714
775,881
776,353
776,714
776,879
777,352
777,714
778,353
778,549
778,714
779,353
779,548
779,714
780,354
780,547
780,713
781,355
781,545
781,713
782,355
782,544
782,713
782,1256
783,355
783,544
783,713
783,1257
784,355
784,543
784,713
784,1259
785,356
785,543
785,712
785,1259
786,357
786,543
786,712
786,1261
787,357
787,542
787,711
787,1261
788,541
788,711
788,1262
789,540
789,711
789,1263
790,541
790,711
790,1263
791,526
791,533
791,1069
791,1264
792,357
792,525
792,1070
792,1264
793,356
793,525
793,1070
793,1264
794,354
794,525
794,1071
794,1264
795,353
795,525
795,1072
795,1265
796,353
796,524
796,1073
796,1266
797,352
797,524
797,900
797,1074
797,1271
798,351
798,523
798,899
798,1074
798,1272
799,351
799,522
799,899
799,1074
799,1273
799,1279
800,350
800,522
800,900
800,1074
800,1279
801,349
801,521
801,900
801,1075
801,1280
802,349
802,519
802,899
802,1075
802,1280
803,349
803,517
803,899
803,1076
803,1281
804,349
804,516
804,900
804,1076
804,1281
805,348
805,900
805,1076
805,1282
806,348
806,900
806,1076
806,1282
807,347
807,900
807,1282
808,899
808,1080
808,1282
809,342
809,899
809,1081
809,1283
810,342
810,899
810,1081
810,1284
811,343
811,899
811,1082
811,1284
812,335
812,899
812,1086
812,1285
813,336
813,899
813,1086
814,336
814,899
814,1086
815,335
815,899
815,1087
816,334
816,899
816,1087
817,334
817,1087
818,334
818,1088
819,333
819,1088
820,333
820,1089
821,332
821,1089
822,332
822,1089
823,331
823,1090
824,331
824,1091
825,329
825,1091
826,328
826,898
826,1092
827,328
827,899
827,1093
828,326
828,899
829,900
830,899
831,898
832,898
833,899
834,899
834,1256
835,899
835,1257
836,898
836,1258
837,899
837,1260
838,898
838,1260
839,899
839,1261
840,899
840,1261
841,899
841,1262
842,898
842,1262
843,898
843,1263
844,898
844,1263
845,899
845,1263
846,341
846,898
846,1264
847,341
847,1264
848,342
848,1264
849,342
849,1266
850,343
850,1269
851,343
852,344
852,1270
853,344
853,1100
854,344
854,1098
854,1272
855,345
855,1097
855,1276
856,345
856,1096
856,1276
857,345
857,1096
857,1276
858,345
858,1094
858,1275
859,346
859,1094
859,1275
860,346
860,1093
860,1275
861,346
861,1093
861,1276
862,1093
862,1276
863,1092
863,1275
864,351
864,1092
864,1276
865,351
865,1091
866,1090
867,352
867,1086
868,353
868,1085
869,354
869,1078
869,1083
870,354
870,1079
871,354
871,1077
872,354
872,1078
873,355
873,1077
874,354
874,1077
875,355
875,1076
876,355
876,1076
877,356
877,1076
878,357
878,1075
879,357
879,1074
880,357
880,1073
881,358
881,1072
882,359
882,1071
883,1069
885,516
886,517
887,518
888,519
889,520
890,520
891,521
892,521
893,522
894,178
894,523
895,179
895,524
896,180
896,522
897,180
897,531
897,539
898,180
898,536
898,1089
899,180
899,538
899,1088
900,180
900,539
900,1089
901,180
901,540
901,1089
901,1259
902,540
902,1089
902,1258
903,337
903,540
903,1089
903,1260
904,337
904,541
904,1089
904,1260
905,338
905,542
905,1088
905,1262
906,338
906,543
906,1088
906,1263
907,338
907,545
907,1088
907,1263
908,338
908,546
908,1088
908,1263
909,339
909,547
909,1088
909,1263
910,339
910,1087
910,1264
911,339
911,1087
911,1265
912,340
912,1087
912,1265
913,340
913,1087
913,1266
914,340
914,716
914,1087
915,340
915,716
915,1087
916,341
916,717
916,1087
917,341
917,716
917,1086
918,341
918,716
918,915
919,341
919,716
919,915
920,341
920,716
920,916
921,341
921,717
921,915
922,717
922,890
922,915
923,717
923,891
923,914
924,716
924,889
924,913
925,347
925,716
925,889
925,909
925,1084
926,345
926,717
926,890
926,913
926,1084
927,717
927,888
927,912
927,1083
928,717
928,887
928,912
928,1083
929,347
929,717
929,887
929,1084
930,348
930,716
930,887
930,1084
931,348
931,716
931,886
931,1084
932,348
932,717
932,888
932,1084
933,348
933,541
933,717
933,1083
934,348
934,541
934,1083
935,349
935,540
935,1083
936,349
936,539
936,1083
937,349
937,538
937,1083
938,349
938,538
938,717
938,1083
939,349
939,538
939,717
939,1082
940,350
940,537
940,1082
941,171
941,351
941,537
941,1082
942,172
942,351
942,536
942,1081
943,174
943,351
943,536
943,718
943,1082
944,174
944,351
944,536
944,718
944,1080
945,174
945,352
945,535
945,718
946,174
946,352
946,535
946,717
947,174
947,353
947,535
947,717
948,174
948,354
948,534
948,717
949,173
949,535
949,718
950,171
950,534
950,718
951,169
951,718
952,718
953,529
953,718
953,1254
954,718
954,1255
955,718
955,1255
956,718
956,1255
957,719
957,1256
958,525
958,718
958,1256
959,524
959,718
959,1256
960,525
960,718
960,1257
961,524
961,718
961,1257
962,524
962,719
962,1258
963,524
963,1069
963,1258
964,524
964,1071
965,523
965,1071
966,523
966,1072
967,523
967,1073
968,522
968,1074
969,521
969,1074
970,521
970,1075
971,520
971,888
971,1076
972,331
972,520
972,888
972,1076
973,332
973,520
973,890
973,1076
974,333
974,519
974,891
974,1077
974,1083
974,1091
975,334
975,518
975,892
975,1089
976,334
976,892
976,1091
977,334
977,893
977,1093
978,335
978,894
978,1093
979,337
979,894
979,1093
980,340
980,353
980,894
980,1093
981,337
981,351
981,894
981,1094
982,353
982,895
982,1095
983,354
983,896
983,1096
984,355
984,896
984,1098
985,356
985,896
985,1098
986,357
986,897
987,358
988,358
989,360
990,903
991,906
991,911
992,908
993,600
993,909
994,910
995,911
996,548
996,911
997,545
997,912
998,545
998,599
998,912
999,543
999,911
1000,542
1000,912
1001,541
1001,913
1002,541
1002,913
1003,540
1003,605
1003,915
1004,540
1004,916
1005,539
1005,916
1006,538
1006,917
1007,538
1007,919
1008,537
1009,532
1009,538
1010,531
1011,523
1012,523
1013,523
1014,340
1014,522
1015,342
1015,522
1015,1098
1016,342
1016,521
1016,1097
1017,342
1017,520
1017,1097
1018,342
1018,520
1018,1096
1019,342
1019,520
1019,1095
1020,343
1020,519
1020,1094
1021,344
1021,517
1021,1093
1022,344
1022,516
1022,1093
1023,344
1023,515
1023,1093
1024,344
1024,514
1024,1093
1025,344
1025,728
1025,1092
1026,344
1026,727
1026,1091
1027,345
1027,726
1027,879
1027,1091
1028,724
1028,881
1028,1090
1029,347
1029,724
1029,881
1029,1090
1030,723
1030,883
1030,1085
1031,350
1031,722
1031,883
1031,1083
1032,722
1032,884
1032,1082
1033,721
1033,884
1033,1079
1034,720
1034,886
1034,1078
1035,352
1035,721
1035,886
1035,1077
1036,352
1036,721
1036,886
1036,1077
1037,352
1037,722
1037,887
1037,1077
1038,352
1038,722
1038,888
1038,1077
1039,353
1039,718
1039,888
1039,895
1039,1077
1040,173
1040,353
1040,718
1040,896
1040,904
1040,1076
1041,175
1041,353
1041,904
1041,1075
1042,153
1042,175
1042,353
1042,713
1042,905
1042,1074
1043,153
1043,175
1043,354
1043,712
1043,906
1043,1073
1044,154
1044,174
1044,354
1044,906
1044,1073
1045,155
1045,172
1045,354
1045,705
1045,906
1045,1072
1046,165
1046,355
1046,706
1046,907
1046,1070
1047,153
1047,173
1047,356
1047,705
1047,908
1047,1069
1048,153
1048,171
1048,356
1048,705
1048,909
1049,153
1049,357
1049,704
1049,910
1050,153
1050,704
1050,911
1051,152
1051,515
1051,704
1051,912
1052,517
1052,703
1053,519
1053,703
1054,520
1054,703
1055,521
1055,701
1056,522
1056,701
1057,522
1057,700
1058,335
1058,522
1058,699
1059,337
1059,523
1059,699
1060,337
1060,524
1060,696
1061,338
1061,525
1062,339
1062,527
1062,1100
1063,339
1063,523
1063,532
1063,1098
1064,339
1064,539
1064,1097
1065,339
1065,538
1065,1097
1066,340
1066,540
1066,1095
1067,341
1067,541
1067,1095
1068,341
1068,541
1068,1094
1069,341
1069,542
1069,1094
1070,341
1070,542
1070,910
1070,1094
1071,341
1071,542
1071,910
1071,1093
1072,341
1072,544
1072,910
1072,1092
1073,342
1073,544
1073,909
1073,1092
1074,342
1074,546
1074,664
1074,908
1074,1092
1075,343
1075,547
1075,909
1075,1092
1076,908
1076,1086
1077,908
1077,1084
1078,907
1079,348
1079,907
1079,1080
1080,907
1080,1079
1081,907
1081,1079
1082,350
1082,907
1082,1078
1083,350
1083,907
1083,1078
1084,350
1084,907
1084,1078
1085,351
1085,906
1085,1078
1086,166
1086,351
1086,736
1086,906
1086,1077
1087,166
1087,351
1087,734
1087,906
1087,1076
1088,165
1088,351
1088,732
1088,906
1088,1075
1089,164
1089,351
1089,732
1089,905
1089,1075
1090,163
1090,352
1090,732
1090,1073
1091,163
1091,352
1091,730
1091,1073
1092,163
1092,352
1092,729
1092,903
1092,1072
1093,162
1093,353
1093,729
1094,161
1094,353
1094,728
1094,903
1095,161
1095,354
1095,712
1095,727
1096,161
1096,355
1096,528
1096,710
1096,719
1096,729
1097,161
1097,355
1097,527
1097,711
1097,727
1097,901
1098,161
1098,356
1098,527
1098,710
1098,900
1099,161
1099,356
1099,528
1099,709
1099,900
1100,160
1100,528
1100,708
1100,900
1101,464
1101,528
1101,708
1101,900
1102,527
1102,708
1102,899
1103,158
1103,527
1103,706
1103,899
1104,158
1104,527
1104,706
1104,899
1105,460
1105,528
1105,704
1105,900
1106,154
1106,528
1106,703
1106,899
1107,153
1107,528
1107,899
1108,152
1108,528
1108,899
1109,152
1109,527
1109,898
1110,152
1110,527
1110,898
1111,151
1111,528
1111,898
1112,151
1112,897
1113,151
1113,896
1114,151
1114,897
1115,150
1116,149
1116,528
1117,149
1118,149
1119,149
1120,148
1120,527
1121,147
1121,528
1122,528
1122,904
1123,528
1123,904
1124,528
1124,903
1125,528
1125,903
1126,527
1126,903
1127,527
1127,713
1127,903
1128,528
1128,713
1128,903
1129,528
1129,714
1129,902
1130,528
1130,713
1130,902
1131,528
1131,714
1131,902
1132,528
1132,714
1132,902
1133,528
1133,715
1133,902
1134,360
1134,367
1134,528
1134,715
1134,902
1135,361
1135,528
1135,716
1135,902
1136,361
1136,528
1136,716
1136,901
1137,360
1137,716
1137,901
1138,360
1138,716
1138,902
1139,359
1139,716
1139,902
1140,338
1140,357
1140,717
1140,902
1141,339
1141,354
1141,716
1142,342
1142,357
1142,716
1143,338
1143,357
1143,717
1144,336
1144,717
1144,899
1145,336
1146,336
1147,335
1148,335
1148,898
1149,334
1149,897
1150,897
1151,175
1151,897
1152,172
1152,723
1152,897
1153,172
1153,524
1153,722
1153,897
1154,171
1154,524
1154,722
1154,897
1155,170
1155,524
1155,722
1155,897
1156,170
1156,524
1156,723
1156,897
1157,169
1157,524
1157,723
1157,897
1158,168
1158,525
1158,723
1158,896
1159,150
1159,166
1159,525
1159,724
1159,896
1160,154
1160,168
1160,525
1160,723
1160,896
1161,150
1161,168
1161,525
1161,724
1161,896
1162,148
1162,525
1162,724
1162,896
1163,148
1163,525
1163,724
1163,896
1164,147
1164,525
1164,725
1164,895
1165,147
1165,526
1165,725
1165,894
1166,146
1166,525
1166,725
1166,895
1167,145
1167,525
1167,725
1167,894
1167,1095
1168,141
1168,146
1168,526
1168,726
1168,1095
1169,526
1169,726
1169,1094
1170,1094
1171,351
1171,1094
1172,351
1172,527
1172,1093
1173,350
1173,1093
1174,349
1174,1093
1175,349
1175,1092
1176,349
1176,1091
1177,349
1177,1091
1178,349
1178,1092
1179,348
1179,526
1179,530
1179,1091
1180,348
1180,527
1180,1091
1181,348
1181,528
1181,1091
1182,348
1182,529
1182,883
1182,1091
1183,348
1183,528
1183,885
1183,1091
1184,348
1184,528
1184,886
1184,1091
1185,347
1185,528
1185,887
1185,1091
1186,347
1186,528
1186,888
1186,1088
1187,347
1187,528
1187,889
1188,529
1188,889
1189,529
1189,890
1190,347
1190,528
1190,891
1191,346
1191,529
1191,891
1192,162
1192,529
1192,891
1193,162
1193,529
1193,891
1193,1084
1194,162
1194,530
1194,892
1194,1084
1195,162
1195,343
1195,894
1195,1083
1196,162
1196,342
1196,893
1196,899
1196,1083
1197,162
1197,343
1197,1083
1198,161
1198,342
1198,1082
1199,161
1199,343
1199,908
1199,1082
1200,162
1200,343
1200,906
1200,1083
1201,162
1201,342
1201,907
1201,1082
1202,162
1202,342
1202,908
1202,1082
1203,162
1203,341
1203,909
1203,1082
1204,161
1204,341
1204,909
1204,1081
1205,161
1205,341
1205,909
1205,1081
1206,162
1206,341
1206,910
1206,1081
1207,162
1207,341
1207,535
1207,911
1207,1080
1208,162
1208,340
1208,535
1208,911
1208,1080
1209,161
1209,340
1209,535
1209,912
1209,1079
1210,162
1210,340
1210,535
1210,913
1210,1078
1211,162
1211,340
1211,534
1211,915
1211,1078
1212,534
1212,915
1213,533
1214,533
1215,163
1215,533
1216,163
1216,533
1217,533
1218,532
1219,532
1220,162
1220,341
1220,532
1221,162
1221,342
1221,532
1222,162
1222,342
1222,532
1223,162
1223,342
1223,532
1224,162
1224,342
1224,531
1225,162
1225,342
1226,162
1226,342
1227,161
1227,342
1227,529
1227,1071
1228,161
1228,343
1228,529
1228,1072
1229,162
1229,343
1229,528
1229,1073
1230,162
1230,343
1230,1073
1231,162
1231,343
1231,1073
1232,162
1232,343
1232,526
1232,887
1232,1074
1233,161
1233,343
1233,526
1233,887
1233,1075
1234,162
1234,343
1234,526
1234,888
1234,1075
1235,162
1235,344
1235,525
1235,889
1235,1076
1236,162
1236,343
1236,525
1236,890
1236,1076
1237,163
1237,525
1237,891
1237,1076
1238,162
1238,525
1238,891
1238,1076
1239,162
1239,525
1239,717
1239,891
1239,1076
1240,162
1240,347
1240,524
1240,717
1240,892
1240,1076
1241,346
1241,524
1241,716
1241,892
1241,1077
1242,524
1242,716
1242,893
1243,524
1243,717
1243,893
1244,524
1244,716
1244,893
1245,348
1245,523
1245,717
1245,893
1246,347
1246,523
1246,716
1246,894
1247,348
1247,522
1247,716
1247,894
1248,348
1248,522
1248,716
1248,895
1248,1084
1249,347
1249,716
1249,895
1249,1085
1250,348
1250,716
1250,898
1250,1085
1251,348
1251,716
1251,898
1251,1085
1252,348
1252,715
1252,899
1252,1086
1253,348
1253,716
1253,899
1253,1086
1254,348
1254,716
1254,1086
1255,348
1255,716
1255,1086
1256,348
1256,716
1256,904
1256,1086
1257,174
1257,349
1257,716
1257,904
1257,1087
1258,175
1258,349
1258,905
1258,1088
1259,176
1259,350
1259,905
1259,1089
1260,176
1260,349
1260,715
1260,906
1260,1089
1261,175
1261,350
1261,906
1261,1089
1262,153
1262,175
1262,350
1262,530
1262,906
1262,1089
1263,153
1263,174
1263,530
1263,906
1264,152
1264,170
1264,529
1264,907
1265,152
1265,173
1265,530
1265,714
1265,907
1266,150
1266,173
1266,530
1266,714
1266,908
1267,150
1267,171
1267,531
1267,714
1267,908
1268,149
1268,531
1268,714
1268,908
1269,149
1269,531
1269,714
1269,909
1270,149
1270,531
1270,714
1270,910
1271,148
1271,153
1271,531
1271,714
1271,910
1272,532
1272,714
1272,911
1273,532
1273,714
1274,532
1274,714
1275,532
1275,714
1276,532
1276,714
1277,532
1277,713
1278,533
1278,713
1279,714
1280,535
1280,713
1281,535
1281,712
1283,1073
1284,1074
1285,1076
1286,537
1286,1077
1287,537
1287,917
1287,1077
1288,537
1288,917
1288,1078
1289,537
1289,916
1289,1078
1290,537
1290,916
1290,1079
1291,537
1291,915
1291,1079
1292,332
1292,538
1292,737
1292,914
1292,1080
1293,324
1293,332
1293,537
1293,734
1293,913
1293,1080
1294,329
1294,537
1294,733
1294,913
1294,1081
1295,329
1295,353
1295,538
1295,733
1295,913
1295,1079
1295,1085
1296,329
1296,356
1296,539
1296,732
1296,913
1297,330
1297,356
1297,539
1297,731
1297,912
1298,333
1298,357
1298,539
1298,730
1298,911
1298,1092
1299,154
1299,332
1299,355
1299,539
1299,730
1299,911
1299,1093
1300,155
1300,330
1300,357
1300,539
1300,729
1300,911
1300,1094
1301,155
1301,332
1301,358
1301,540
1301,729
1301,911
1301,1094
1302,156
1302,332
1302,358
1302,729
1302,911
1302,1094
1303,156
1303,358
1303,729
1303,910
1303,1094
1304,157
1304,357
1304,727
1304,1095
1305,158
1305,356
1305,722
1305,728
1305,905
1305,1096
1306,158
1306,1096
1307,158
1307,1098
1308,158
1308,716
1308,903
1308,1098
1309,159
1309,714
1309,901
1309,1099
1310,159
1310,713
1310,899
1310,1100
1311,160
1311,713
1311,899
1312,160
1312,713
1312,899
1313,160
1313,712
1313,899
1314,162
1314,712
1314,898
1315,711
1315,898
1316,166
1316,710
1316,898
1317,710
1317,898
1318,709
1318,898
1319,169
1319,709
1319,897
1320,168
1320,706
1320,895
1321,169
1321,705
1321,895
1322,170
1322,894
1323,170
1323,327
1323,894
1324,170
1324,326
1324,543
1324,547
1324,893
1325,170
1325,543
1325,891
1326,170
1326,542
1327,170
1327,541
1328,171
1328,360
1328,540
1329,172
1329,360
1329,539
1330,172
1330,358
1330,539
1331,173
1331,358
1331,538
1332,173
1332,358
1332,520
1332,536
1333,174
1333,358
1333,522
1333,538
1334,176
1334,357
1334,520
1334,537
1335,176
1335,357
1335,519
1336,356
1336,518
1336,1100
1337,356
1337,517
1337,1100
1338,356
1338,516
1338,1099
1339,356
1339,515
1339,705
1339,1099
1340,356
1340,516
1340,706
1340,1098
1341,356
1341,515
1341,707
1341,1098
1342,355
1342,707
1342,1097
1343,355
1343,708
1343,1096
1344,354
1344,708
1344,927
1344,1095
1345,709
1345,924
1345,1077
1345,1087
1345,1096
1346,709
1346,922
1346,1078
1346,1095
1347,159
1347,709
1347,921
1347,1075
1347,1095
1348,160
1348,710
1348,920
1348,1075
1349,160
1349,710
1349,920
1349,1074
1350,161
1350,710
1350,919
1350,1074
1351,161
1351,350
1351,711
1351,918
1351,1073
1352,161
1352,348
1352,711
1352,918
1352,1072
1353,161
1353,348
1353,711
1353,917
1353,1072
1354,161
1354,348
1354,712
1354,917
1354,1071
1355,162
1355,348
1355,711
1355,915
1355,1070
1356,162
1356,348
1356,712
1356,907
1356,916
1357,162
1357,347
1357,899
1357,906
1358,162
1358,347
1358,900
1359,162
1359,347
1359,716
1359,898
1360,162
1360,347
1360,716
1360,897
1361,162
1361,347
1361,524
1361,897
1362,163
1362,346
1362,524
1362,896
1363,164
1363,346
1363,525
1363,718
1363,896
1364,163
1364,345
1364,525
1364,720
1364,895
1365,344
1365,525
1365,721
1365,894
1366,345
1366,526
1366,721
1366,893
1367,167
1367,344
1367,525
1367,720
1367,893
1368,166
1368,344
1368,525
1368,720
1368,891
1369,526
1369,721
1370,526
1370,722
1371,526
1371,722
1372,168
1372,527
1372,723
1373,168
1373,527
1373,722
1374,168
1374,526
1374,722
1375,168
1375,527
1375,723
1376,168
1376,527
1376,723
1377,168
1377,527
1377,724
1378,169
1378,527
1378,725
1379,169
1379,726
1380,169
1380,726
1381,170
1381,726
1382,170
1382,530
1383,169
1383,530
1384,170
1385,170
1385,329
1386,171
1386,330
1387,172
1387,331
1387,531
1388,172
1388,333
1388,532
1389,334
1389,532
1390,334
1390,533
1391,334
1391,532
1392,335
1392,532
1392,723
1393,335
1393,532
1393,724
1394,336
1394,532
1394,724
1394,1095
1394,1102
1395,336
1395,532
1395,724
1395,1099
1396,336
1396,533
1396,724
1396,1099
1397,337
1397,533
1397,723
1397,1098
1398,336
1398,533
1398,723
1398,917
1398,1098
1399,337
1399,533
1399,723
1399,917
1399,1098
1400,337
1400,534
1400,723
1400,915
1400,1096
1401,534
1401,723
1401,914
1401,1079
1401,1088
1401,1096
1402,534
1402,723
1402,913
1402,1081
1402,1095
1403,156
1403,344
1403,723
1403,913
1403,1078
1403,1095
1404,155
1404,536
1404,723
1404,912
1404,1077
1405,156
1405,348
1405,536
1405,723
1405,912
1405,1076
1406,156
1406,349
1406,723
1406,912
1406,1075
1407,157
1407,348
1407,723
1407,910
1407,1075
1408,157
1408,349
1408,723
1408,910
1408,1074
1409,158
1409,347
1409,355
1409,910
1409,1074
1410,158
1410,349
1410,909
1410,1074
1411,158
1411,904
1412,158
1412,349
1412,902
1413,158
1413,349
1413,722
1413,898
1414,159
1414,351
1414,897
1415,159
1415,352
1415,896
1416,159
1416,353
1416,896
1417,159
1417,353
1417,358
1417,721
1417,896
1418,159
1418,356
1418,721
1418,895
1419,160
1419,357
1419,721
1419,895
1420,160
1420,721
1420,894
1421,721
1421,894
1422,166
1422,721
1422,893
1423,164
1423,721
1423,891
1424,164
1424,721
1424,890
1425,720
1425,889
1426,720
1427,721
1428,165
1428,721
1429,166
1429,721
1430,166
1430,516
1430,720
1431,166
1431,512
1431,533
1431,720
1432,167
1432,366
1432,512
1432,720
1433,167
1433,366
1433,514
1433,720
1434,167
1434,364
1434,514
1435,166
1435,362
1435,516
1435,539
1436,167
1436,518
1436,541
1437,167
1437,519
1437,540
1438,168
1438,361
1438,518
1438,542
1439,168
1439,517
1439,541
1440,168
1440,518
1440,542
1441,169
1441,518
1441,543
1442,169
1442,543
1443,169
1443,538
1443,545
1444,171
1444,546
1445,172
1448,903
1449,903
1450,903
1451,903
1452,903
1452,1075
1452,1096
1453,903
1453,1073
1453,1098
1454,903
1454,1072
1454,1099
1455,903
1455,1071
1455,1100
1456,903
1456,1074
1456,1100
1457,542
1457,904
1457,1084
1457,1109
1458,903
1458,1072
1458,1101
1459,903
1459,1073
1459,1100
1460,903
1460,1074
1460,1100
1461,738
1461,903
1461,1074
1461,1099
1462,737
1462,904
1462,1075
1462,1099
1463,736
1463,904
1463,1098
1464,141
1464,735
1464,903
1465,141
1465,734
1465,904
1466,144
1466,733
1466,904
1467,144
1467,732
1468,145
1468,731
1469,146
1469,731
1470,147
1470,731
1471,147
1471,729
1472,148
1472,723
1472,730
1473,148
1473,714
1473,721
1473,729
1474,149
1474,717
1475,150
1475,714
1475,904
1476,149
1476,159
1476,713
1476,904
1477,149
1477,159
1477,712
1477,904
1478,160
1478,167
1478,712
1478,905
1479,167
1479,712
1479,905
1480,167
1480,711
1480,905
1481,167
1481,710
1481,905
1482,168
1482,709
1482,904
1483,169
1483,708
1483,904
1484,170
1484,707
1484,905
1485,170
1485,905
1486,170
1486,906
1487,171
1487,551
1487,905
1488,172
1488,553
1488,905
1489,173
1489,554
1489,905
1489,1081
1490,176
1490,527
1490,555
1490,905
1490,1081
1491,526
1491,543
1491,554
1491,905
1491,1080
1492,526
1492,544
1492,556
1492,906
1492,1081
1493,525
1493,542
1493,555
1493,905
1493,1081
1494,526
1494,549
1494,905
1494,1081
1495,523
1495,546
1495,554
1495,1082
1496,523
1496,547
1496,1081
1497,361
1497,523
1497,547
1497,1081
1498,361
1498,523
1498,1081
1499,361
1499,524
1499,1081
1500,360
1500,524
1500,1081
1501,360
1501,1082
1502,359
1502,1082
1503,358
1503,1081
1504,358
1504,1081
1505,357
1505,1081
1506,357
1506,1081
1507,357
1507,1082
1508,357
1508,1081
1509,356
1510,357
1511,356
1512,356
1513,356
1513,1081
1514,353
1515,352
1516,352
1518,1081
1519,348
1519,1081
1520,347
1520,1081
1521,347
1521,1081
1522,347
1522,1082
1523,347
1523,1082
1524,346
1524,1082
1525,346
1525,1082
1526,345
1526,1081
1527,345
1527,533
1527,1081
1528,345
1528,533
1528,1082
1529,171
1529,345
1529,533
1529,1082
1530,150
1530,173
1530,344
1530,533
1530,1082
1531,147
1531,172
1531,343
1531,533
1531,1082
1532,148
1532,172
1532,343
1532,534
1532,1081
1533,147
1533,170
1533,343
1533,534
1533,1081
1534,159
1534,342
1534,534
1534,1082
1535,146
1535,171
1535,342
1535,534
1535,1081
1536,146
1536,171
1536,533
1536,1082
1537,145
1537,169
1537,534
1537,1080
1538,146
1538,169
1538,534
1539,146
1539,534
1540,148
1540,534
1541,534
1542,534
1543,533
1544,535
1550,344
1551,344
1552,345
1552,535
1553,345
1553,535
1554,345
1554,535
1555,346
1555,535
1556,346
1556,536
1557,346
1557,536
1558,347
1558,535
1558,916
1559,347
1559,535
1559,915
1560,347
1560,535
1560,915
1561,348
1561,536
1561,914
1562,348
1562,536
1562,913
1562,1104
1563,349
1563,536
1563,911
1563,1104
1564,348
1564,536
1564,911
1564,1104
1565,347
1565,536
1565,911
1565,1103
1566,537
1566,910
1566,1103
1567,352
1567,508
1567,537
1567,890
1567,907
1567,1081
1567,1102
1568,889
1568,899
1568,910
1568,1082
1568,1098
1569,892
1569,909
1569,1083
1569,1101
1570,889
1570,1081
1570,1101
1571,354
1571,888
1571,1079
1571,1101
1572,356
1572,887
1572,1077
1573,152
1573,356
1573,886
1573,1077
1574,153
1574,356
1574,886
1574,1078
1575,155
1575,356
1575,734
1575,886
1575,1077
1576,155
1576,357
1576,733
1576,885
1576,1079
1577,157
1577,356
1577,733
1577,885
1578,157
1578,357
1578,711
1578,733
1578,883
1579,158
1579,357
1579,709
1579,733
1579,880
1580,159
1580,358
1580,709
1580,730
1581,159
1581,359
1581,710
1581,732
1582,159
1582,359
1582,536
1582,707
1582,731
1583,159
1583,359
1583,536
1583,707
1583,731
1584,160
1584,360
1584,536
1584,707
1584,730
1585,160
1585,167
1585,361
1585,536
1585,707
1585,730
1586,167
1586,361
1586,536
1586,708
1587,174
1587,536
1587,708
1588,173
1588,536
1589,174
1589,536
1590,174
1590,536
1591,174
1591,536
1592,175
1592,536
1593,175
1593,536
1594,176
1594,536
1595,176
1595,536
1596,177
1596,536
1597,178
1597,536
1598,179
1598,537
1599,536
1600,342
1601,343
1601,536
1602,343
1602,536
1603,343
1604,343
1605,343
1606,343
1606,535
1607,343
1607,536
1608,344
1608,536
1609,344
1609,536
1610,344
1610,536
1611,344
1611,536
1612,344
1612,536
1613,344
1613,536
1614,345
1614,536
1615,345
1615,536
1615,1102
1616,345
1616,535
1616,1103
1617,344
1617,536
1617,706
1617,1102
1618,345
1618,535
1618,707
1618,1102
1619,536
1619,708
1619,1080
1619,1101
1620,536
1620,708
1620,1078
1620,1100
1621,347
1621,536
1621,709
1621,1079
1621,1087
1621,1099
1622,347
1622,535
1622,711
1622,1078
1622,1100
1623,712
1623,1077
1623,1099
1624,712
1624,894
1624,1076
1624,1099
1625,712
1625,892
1625,1075
1625,1097
1626,713
1626,893
1626,918
1626,1075
1627,348
1627,713
1627,893
1627,917
1627,1075
1628,347
1628,714
1628,894
1628,919
1628,1077
1629,348
1629,714
1629,896
1629,919
1629,1077
1630,348
1630,715
1630,894
1630,919
1631,348
1631,714
1631,720
1631,894
1631,919
1632,156
1632,179
1632,348
1632,721
1632,895
1632,920
1633,156
1633,180
1633,348
1633,723
1633,896
1633,920
1634,155
1634,180
1634,348
1634,728
1634,896
1634,920
1635,155
1635,178
1635,348
1635,730
1635,919
1636,167
1636,349
1636,730
1636,919
1637,155
1637,179
1637,349
1637,509
1637,514
1637,730
1638,155
1638,179
1638,349
1638,514
1638,730
1639,155
1639,179
1639,349
1639,515
1639,731
1640,156
1640,178
1640,349
1640,516
1640,732
1641,156
1641,179
1641,349
1641,517
1641,732
1642,350
1642,518
1642,733
1643,350
1643,518
1643,734
1644,351
1644,519
1644,734
1645,350
1645,519
1645,735
1646,520
1646,735
1647,520
1647,530
1647,737
1648,521
1648,531
1648,540
1648,738
1649,520
1649,539
1650,540
1651,542
1651,1085
1652,542
1652,1085
1653,542
1653,1085
1654,543
1654,1085
1655,545
1655,1085
1656,545
1656,1085
1657,546
1657,1086
1658,545
1658,1085
1659,546
1659,1085
1660,890
1660,1085
1661,891
1661,1085
1662,891
1662,1086
1663,893
1663,1086
1664,893
1664,1085
1665,894
1665,1085
1666,894
1666,1085
1667,894
1667,1085
1668,895
1668,1086
1669,895
1670,895
1671,895
1672,896
1673,725
1673,897
1674,726
1674,895
1675,726
1675,901
1676,726
1676,901
1677,725
1677,901
1677,1084
1678,725
1678,903
1678,1085
1679,705
1679,723
1679,906
1679,1085
1680,705
1680,720
1680,906
1680,1085
1681,704
1681,723
1681,906
1681,1085
1682,703
1682,723
1682,907
1682,1085
1683,702
1683,721
1683,907
1683,1085
1684,702
1684,907
1684,1085
1685,701
1685,907
1685,1085
1686,701
1686,908
1686,1085
1687,145
1687,702
1687,909
1687,1085
1688,148
1688,909
1688,1085
1689,148
1689,909
1689,1085
1690,149
1690,910
1690,1085
1691,150
1691,912
1691,1085
1692,150
1692,912
1692,1085
1693,151
1693,1084
1694,153
1694,1084
1695,151
1695,160
1695,169
1695,515
1696,152
1696,167
1696,517
1697,151
1697,169
1697,518
1698,171
1698,520
1699,171
1699,521
1699,1077
1700,171
1700,522
1700,1078
1701,173
1701,522
1701,1079
1702,174
1702,522
1702,1079
1703,174
1703,523
1703,1080
1704,174
1704,523
1704,1079
1705,175
1705,525
1705,1080
1706,524
1706,532
1706,1081
1707,524
1707,1081
1708,539
1708,1081
1709,539
1709,1082
1710,541
1710,1081
1711,542
1711,1082
1712,543
1712,1082
1713,543
1713,1082
1714,543
1714,1083
1715,544
1715,1083
1716,545
1716,715
1716,1083
1717,546
1717,715
1717,1083
1718,547
1718,715
1719,546
1719,715
1720,716
1721,716
1722,167
1722,717
1723,166
1723,718
1724,166
1724,717
1724,1089
1725,166
1725,717
1725,1090
1726,166
1726,717
1726,1091
1727,165
1727,718
1727,880
1727,1091
1728,164
1728,718
1728,882
1728,1091
1729,164
1729,718
1729,883
1729,1091
1730,164
1730,718
1730,884
1730,1091
1731,164
1731,719
1731,885
1731,1091
1732,164
1732,719
1732,886
1732,1092
1733,164
1733,719
1733,886
1733,1092
1734,163
1734,719
1734,887
1734,1092
1735,163
1735,887
1735,1092
1736,163
1736,888
1736,1093
1737,163
1737,888
1737,1094
1738,163
1738,888
1738,896
1738,1094
1739,163
1739,898
1739,905
1739,1094
1740,163
1740,905
1740,1094
1741,163
1741,905
1741,1095
1742,162
1742,724
1742,906
1743,162
1743,724
1743,906
1744,161
1744,725
1744,907
1745,522
1745,725
1745,908
1746,523
1746,726
1746,908
1747,523
1747,726
1747,909
1748,159
1748,524
1748,725
1748,910
1749,158
1749,525
1749,725
1749,911
1750,157
1750,526
1750,726
1750,912
1751,157
1751,527
1751,726
1752,157
1752,528
1752,726
1753,157
1753,528
1753,726
1754,157
1754,528
1754,726
1755,157
1755,528
1755,538
1755,727
1756,156
1756,528
1756,539
1756,547
1756,728
1757,156
1757,529
1757,546
1757,728
1758,156
1758,548
1758,728
1759,156
1759,549
1759,728
1760,156
1760,550
1760,728
1761,155
1761,550
1762,155
1762,550
1763,155
1763,551
1764,154
1764,552
1765,155
1765,331
1765,553
1766,333
1766,553
1767,333
1767,553
1768,335
1768,1106
1769,336
1769,901
1769,1103
1770,337
1770,902
1770,1102
1771,337
1771,902
1771,1102
1772,337
1772,734
1772,902
1772,1101
1773,338
1773,734
1773,902
1773,1101
1774,338
1774,732
1774,902
1774,1100
1775,151
1775,342
1775,732
1775,902
1775,1099
1776,152
1776,339
1776,348
1776,731
1776,903
1776,1099
1777,152
1777,340
1777,349
1777,356
1777,730
1777,903
1777,1096
1778,152
1778,355
1778,729
1778,903
1778,1083
1778,1089
1778,1099
1779,152
1779,356
1779,728
1779,903
1779,1083
1779,1099
1780,153
1780,357
1780,728
1780,903
1780,1082
1781,153
1781,358
1781,728
1781,903
1781,1081
1782,154
1782,358
1782,727
1782,903
1782,1081
1783,154
1783,359
1783,727
1783,904
1783,1080
1784,154
1784,360
1784,727
1784,904
1784,1079
1785,154
1785,361
1785,727
1785,904
1785,1078
1786,154
1786,361
1786,726
1786,904
1786,1078
1787,155
1787,362
1787,725
1787,1077
1788,155
1788,361
1788,719
1788,1076
1789,155
1790,155
1790,717
1791,155
1791,715
1792,156
1792,713
1792,905
1793,156
1793,712
1793,905
1794,712
1794,906
1795,712
1795,906
1796,160
1796,712
1796,907
1797,712
1797,907
1798,159
1798,711
1798,906
1799,710
1799,906
1800,709
1800,907
1801,709
1801,907
1802,162
1802,708
1802,907
1803,163
1803,707
1803,907
1804,163
1804,705
1804,907
1805,163
1805,705
1805,907
1806,163
1806,908
1807,163
1807,907
1808,164
1808,908
1809,163
1809,908
1810,164
1811,164
1812,165
1813,166
1814,165
1815,166
1815,362
1816,166
1816,362
1817,167
1817,362
1818,168
1818,361
1819,168
1819,361
1820,360
1821,360
1822,359
1822,707
1822,1080
1823,359
1823,708
1823,1079
1824,359
1824,709
1824,916
1824,1078
1824,1101
1825,358
1825,709
1825,916
1825,1078
1825,1102
1826,358
1826,709
1826,916
1826,1082
1826,1102
1827,358
1827,709
1827,915
1827,1079
1827,1098
1828,358
1828,709
1828,914
1828,1080
1828,1101
1829,358
1829,709
1829,914
1829,1081
1829,1101
1830,358
1830,709
1830,914
1830,1081
1830,1102
1831,357
1831,710
1831,913
1831,1102
1832,357
1832,710
1832,913
1832,1102
1833,357
1833,709
1833,913
1834,356
1834,710
1834,912
1835,355
1835,710
1835,912
1836,353
1836,711
1836,912
1837,353
1837,711
1837,912
1838,711
1838,912
1839,710
1839,911
1840,711
1840,911
1841,710
1841,909
1842,349
1842,711
1843,350
1843,907
1844,349
1844,713
1845,349
1846,181
1846,349
1846,712
1847,180
1847,349
1848,179
1848,348
1848,903
1849,177
1849,348
1849,902
1850,176
1850,348
1850,713
1850,902
1851,176
1851,348
1851,714
1851,902
1852,175
1852,347
1852,714
1852,902
1853,175
1853,347
1853,715
1853,902
1854,174
1854,347
1854,715
1854,902
1855,173
1855,346
1855,715
1855,901
1856,156
1856,165
1856,173
1856,346
1856,715
1856,900
1857,156
1857,163
1857,173
1857,346
1857,715
1857,900
1857,1083
1858,156
1858,345
1858,715
1858,900
1858,1083
1859,155
1859,344
1859,715
1859,900
1859,1084
1860,154
1860,344
1860,715
1860,899
1860,1083
1861,154
1861,716
1861,898
1861,1084
1862,153
1862,541
1862,547
1862,716
1862,898
1862,1084
1863,153
1863,523
1863,544
1863,715
1863,897
1863,1084
1864,151
1864,522
1864,545
1864,716
1864,897
1864,1085
1865,151
1865,521
1865,545
1865,716
1865,1085
1866,150
1866,532
1866,717
1866,1085
1867,150
1867,520
1867,545
1867,717
1867,1085
1868,148
1868,152
1868,345
1868,521
1868,544
1868,716
1868,1085
1869,345
1869,521
1869,544
1869,717
1869,1085
1870,344
1870,521
1870,542
1870,717
1870,1085
1871,345
1871,522
1871,1086
1872,346
1872,521
1872,1085
1873,347
1873,1085
1874,347
1874,1085
1875,347
1875,1086
1876,347
1876,1086
1877,348
1878,348
1879,349
1879,701
1879,1087
1880,349
1880,701
1880,896
1881,350
1881,702
1881,896
1882,349
1882,703
1882,897
1883,348
1883,704
1883,897
1884,704
1884,898
1885,705
1885,898
1885,1089
1886,705
1886,899
1886,1089
1887,707
1887,899
1887,1089
1888,707
1888,900
1888,1089
1889,356
1889,708
1889,900
1889,1089
1890,357
1890,707
1890,900
1890,1089
1891,358
1891,708
1891,901
1891,1089
1892,357
1892,708
1892,901
1892,1089
1893,147
1893,358
1893,708
1893,901
1893,1090
1894,150
1894,358
1894,709
1894,901
1894,1090
1895,150
1895,358
1895,709
1895,901
1895,1090
1896,152
1896,358
1896,710
1896,1090
1897,153
1897,359
1897,905
1897,1090
1898,154
1898,359
1898,714
1898,1091
1899,155
1899,360
1899,1091
1900,155
1900,360
1900,1090
1901,155
1901,360
1901,909
1901,1090
1902,157
1902,362
1902,720
1902,909
1902,1091
1903,159
1903,363
1903,720
1903,910
1904,157
1904,166
1904,174
1904,720
1904,910
1905,157
1905,172
1905,721
1905,911
1906,174
1906,721
1906,911
1907,176
1907,722
1907,911
1908,175
1908,722
1908,911
1909,177
1909,722
1909,912
1910,178
1910,722
1910,912
1911,179
1911,723
1911,913
1912,179
1912,723
1912,913
1913,179
1913,546
1913,724
1913,914
1914,180
1914,543
1914,724
1914,914
1915,178
1915,183
1915,542
1915,725
1915,915
1916,541
1916,726
1916,915
1917,541
1917,726
1918,540
1918,728
1919,539
1920,540
1921,530
1921,539
1922,524
1922,538
1923,523
1923,538
1924,521
1925,520
1926,519
1927,519
1928,518
1929,518
1930,517
1930,717
1931,516
1931,717
1931,902
1932,717
1932,902
1933,718
1933,902
1934,718
1934,902
1935,328
1935,719
1935,902
1936,328
1936,719
1936,901
1937,329
1937,719
1937,901
1938,330
1938,720
1938,901
1939,330
1939,720
1939,901
1940,331
1940,720
1940,901
1940,1085
1941,332
1941,344
1941,353
1941,720
1941,901
1941,1084
1942,335
1942,353
1942,721
1942,901
1942,1084
1943,332
1943,345
1943,354
1943,720
1943,901
1943,1084
1944,333
1944,355
1944,720
1944,901
1944,1083
1945,333
1945,355
1945,721
1945,901
1945,1083
1946,356
1946,722
1946,901
1946,1083
1947,357
1947,900
1947,1082
1948,358
1948,1082
1949,358
1949,1082
1950,358
1950,1082
1951,358
1951,1081
1952,354
1952,358
1952,1081
1953,727
1953,1081
1954,728
1954,897
1954,1080
1955,727
1955,897
1955,1080
1956,727
1956,897
1956,1079
1957,728
1957,898
1957,1078
1958,728
1958,897
1959,728
1959,897
1960,729
1960,897
1961,729
1961,897
1962,729
1962,897
1963,729
1963,897
1964,729
1964,897
1965,730
1965,896
1966,731
1966,896
1967,730
1967,896
1968,731
1968,896
1969,732
1969,896
1985,723
1986,723
1987,722
1988,722
1989,721
1989,917
1990,720
1990,917
1991,720
1991,917
1992,720
1992,916
1993,720
1993,916
1994,719
1994,915
1995,718
1995,913
1996,718
1996,913
1997,718
1997,913
1998,718
1998,913
1999,718
1999,913
2000,718
2000,912
2001,718
2001,911
2002,717
2002,910
2003,716
2003,911
2004,910
2005,714
2005,905
2007,904
2009,902
2010,710
2010,900
2011,710
2011,899
2012,709
2012,899
2013,709
2013,899
2014,709
2014,898
2015,709
2015,898
2016,712
2016,898
2017,897
2018,897
2019,896
2020,896
2021,895
2022,894
2023,892
2024,892
2039,918
2040,918
2041,917
2042,917
2043,916
2044,916
2045,916
2046,915
2047,914
2048,914
2049,914
2050,914
2051,914
2052,916
