2080*1398
32,486
36,385
37,384
38,384
39,384
40,384
41,383
41,491
42,383
42,491
43,383
44,383
45,382
46,383
47,382
48,382
49,382
50,382
51,382
52,383
53,382
54,381
59,380
60,380
61,381
64,379
65,378
66,378
67,378
68,378
69,378
70,378
71,377
72,377
73,377
74,377
74,748
75,377
75,574
75,749
76,376
76,576
76,749
77,377
77,575
77,749
78,376
78,575
78,749
79,376
79,574
79,748
80,377
80,573
80,747
81,376
81,572
81,747
82,376
82,571
82,747
83,551
83,570
84,550
84,563
84,571
85,550
85,561
85,571
86,550
87,549
88,549
89,548
90,548
91,547
92,494
92,545
93,493
93,545
94,397
94,540
94,544
94,755
95,396
95,756
96,396
96,756
97,396
97,491
97,755
98,395
98,754
99,394
99,754
100,394
100,754
101,392
101,754
102,392
102,754
103,371
103,390
103,753
104,370
104,382
104,391
104,753
105,374
105,391
105,754
106,371
106,381
106,753
106,929
107,370
107,753
107,929
108,369
108,753
108,930
109,369
109,752
109,930
110,368
110,753
110,930
111,367
111,930
112,367
112,931
113,365
113,929
114,363
114,751
116,801
117,801
118,569
119,569
119,749
120,568
120,749
121,567
121,748
122,566
122,748
123,566
123,749
124,565
124,749
125,565
125,748
126,565
126,748
127,565
127,747
128,564
128,747
129,564
129,748
130,564
130,747
131,564
131,747
132,563
132,746
133,562
133,746
134,746
134,931
135,746
135,931
136,930
137,559
137,930
138,558
138,930
139,555
139,930
140,554
140,930
141,554
141,929
141,1130
142,554
142,929
142,1134
143,554
143,929
144,553
144,929
145,553
145,929
146,553
146,929
147,552
147,929
148,552
148,928
149,551
149,929
150,551
150,929
151,550
151,929
152,550
152,985
153,392
153,397
153,550
154,394
154,549
155,396
155,548
155,927
156,396
156,927
157,374
157,396
158,372
158,395
159,372
159,394
160,372
160,393
160,765
160,926
161,374
161,392
161,763
161,925
162,371
162,383
162,392
162,762
162,926
163,370
163,761
163,926
164,370
164,760
164,926
165,370
165,760
165,925
166,369
166,759
166,925
167,366
167,371
167,759
167,926
168,758
168,926
169,758
169,926
170,758
170,925
171,757
171,925
172,757
172,925
172,1306
173,756
173,925
173,1308
174,555
174,755
174,925
174,1309
175,556
175,925
175,1308
176,556
176,923
176,1307
177,557
177,750
177,924
177,1306
178,557
178,749
178,923
178,1304
179,558
179,744
179,978
179,1291
179,1300
180,558
180,743
180,1291
180,1298
181,558
181,743
181,1291
182,559
182,742
182,1291
183,559
183,742
183,1291
184,559
184,741
184,1290
185,559
185,741
185,1289
186,559
186,741
186,1288
187,346
187,560
187,740
187,1288
188,346
188,560
188,739
188,1286
189,561
189,738
189,1286
190,344
190,351
190,560
190,738
190,1283
191,737
192,736
193,736
194,916
195,565
195,917
196,918
197,919
198,569
198,920
199,392
199,569
199,920
200,387
200,392
200,569
200,921
201,386
201,393
201,570
201,921
202,386
202,394
202,569
202,922
203,389
203,569
203,923
204,388
204,570
204,923
205,387
205,570
205,923
206,387
206,571
206,924
207,386
207,571
207,924
208,386
208,571
209,385
209,571
209,940
210,384
210,572
210,936
211,383
211,572
211,938
212,383
212,573
212,939
213,574
213,939
214,368
214,376
214,575
214,940
215,367
215,375
215,574
215,731
215,940
216,369
216,733
216,941
217,368
217,733
217,942
218,367
218,734
218,941
219,367
219,735
219,942
220,366
220,736
220,944
221,365
221,737
221,945
222,365
222,737
222,946
223,365
223,737
223,948
223,1322
224,364
224,738
224,947
224,1135
224,1320
225,362
225,739
225,1134
225,1320
226,361
226,1133
226,1318
227,361
227,745
227,752
227,1132
227,1317
228,359
228,751
228,1131
228,1316
229,359
229,753
229,1130
229,1316
230,753
230,1130
230,1315
231,754
231,1129
231,1315
232,568
232,754
232,1129
232,1314
233,568
233,755
233,1128
233,1313
234,568
234,755
234,1127
234,1313
235,568
235,756
235,1126
235,1313
236,567
236,758
236,1110
236,1119
236,1127
236,1308
237,567
237,759
237,1109
237,1118
237,1307
238,567
238,760
238,1110
238,1300
238,1305
239,567
239,1108
239,1298
240,567
240,1108
240,1299
241,567
241,1108
241,1299
242,566
242,1107
242,1299
243,566
243,1106
243,1298
244,566
244,1105
244,1297
245,566
245,1102
245,1111
245,1297
246,566
246,1102
246,1110
246,1297
247,1102
247,1296
248,589
248,1101
248,1295
249,1099
249,1293
250,371
250,1292
251,371
251,1291
252,372
252,1290
253,372
254,373
255,373
255,452
255,561
256,373
256,451
256,561
257,374
257,451
257,561
258,374
258,450
258,561
259,374
259,449
259,560
260,374
260,560
260,1304
261,374
261,446
261,560
261,1303
262,375
262,560
262,1304
263,375
263,560
263,1304
264,375
264,560
264,1305
265,376
265,559
265,1305
266,375
266,559
266,1305
267,376
267,559
267,733
267,1305
268,376
268,560
268,732
268,1305
269,559
269,733
269,1305
270,558
270,734
270,1306
271,558
271,734
271,1132
271,1306
272,379
272,557
272,734
272,1128
272,1306
273,379
273,735
273,1128
273,1306
274,380
274,735
274,1127
274,1306
275,381
275,734
275,1127
275,1306
276,381
276,579
276,735
276,1306
277,383
277,578
277,733
277,739
277,1307
278,383
278,733
278,739
278,1124
278,1307
279,383
279,549
279,739
279,1124
279,1306
280,383
280,551
280,737
280,1124
281,383
281,551
281,1127
282,384
282,553
282,1127
283,383
283,554
283,1126
284,384
284,555
284,742
284,1126
284,1307
285,384
285,555
285,743
286,384
286,556
286,749
287,385
287,556
287,747
288,386
288,556
288,747
288,930
288,1122
288,1310
289,386
289,512
289,557
289,748
289,930
289,1122
289,1311
290,386
290,557
290,748
290,930
290,1310
291,386
291,558
291,749
291,930
291,1117
291,1310
292,387
292,558
292,749
292,930
292,1117
292,1310
293,388
293,517
293,558
293,749
293,929
293,1117
293,1311
294,388
294,559
294,750
294,929
294,1117
294,1311
295,389
295,517
295,562
295,750
295,930
295,1117
295,1311
296,515
296,751
296,930
296,1116
296,1311
297,564
297,752
297,930
297,1119
297,1311
298,515
298,753
298,929
298,1117
298,1311
299,521
299,752
299,929
299,1117
299,1312
300,569
300,753
300,929
300,1117
300,1312
301,569
301,929
301,1116
301,1312
302,571
302,929
302,1115
302,1312
303,571
303,929
303,1115
303,1312
304,572
304,929
304,1114
304,1312
305,572
305,929
305,1114
305,1313
306,572
306,929
306,1113
306,1313
307,571
307,1113
307,1313
308,572
308,1342
309,574
310,575
311,576
312,576
313,577
314,366
314,1345
315,368
315,578
315,927
316,368
316,928
317,369
317,928
317,1343
318,370
318,928
318,1343
319,370
319,929
319,1301
320,371
320,929
320,1302
320,1343
321,372
321,768
321,928
321,1303
321,1343
322,372
322,767
322,772
322,928
322,1303
323,373
323,774
323,928
323,1303
324,373
324,774
324,929
324,1303
325,373
325,381
325,391
325,774
325,928
325,1303
326,374
326,382
326,391
326,928
326,1303
327,389
327,760
327,771
327,928
327,1304
328,391
328,742
328,772
328,928
328,1096
328,1101
328,1304
329,392
329,736
329,741
329,752
329,764
329,929
329,1098
329,1305
330,392
330,737
330,747
330,753
330,763
330,928
330,1099
330,1304
331,393
331,736
331,746
331,764
331,928
331,1100
331,1304
332,393
332,734
332,746
332,928
332,1101
332,1304
333,394
333,734
333,744
333,927
333,1102
333,1304
334,396
334,734
334,744
334,928
334,1103
334,1305
335,396
335,573
335,733
335,744
335,927
335,1103
336,399
336,572
336,742
336,1103
337,397
337,571
337,1104
338,572
338,1104
339,572
339,1106
339,1306
340,571
340,1105
340,1112
341,568
341,1123
342,570
342,936
342,1113
342,1121
342,1308
343,570
343,936
343,1120
343,1308
344,570
344,936
344,1122
344,1308
345,570
345,935
345,1123
345,1309
346,570
346,936
346,1123
346,1309
347,569
347,936
347,1124
347,1309
348,569
348,935
348,1124
348,1309
349,568
349,935
349,1124
349,1309
350,935
350,1125
350,1309
351,935
351,1126
351,1310
352,935
352,1129
352,1310
353,852
353,935
353,1129
353,1310
353,1336
354,566
354,935
354,1131
354,1310
355,934
355,1310
356,564
356,849
356,934
356,1310
357,562
357,934
357,1311
358,562
358,1311
359,562
360,562
361,562
361,1336
362,562
363,561
364,561
364,1342
365,561
365,1343
366,561
366,932
367,560
367,932
368,560
368,932
369,559
369,932
370,559
370,933
371,559
371,933
372,932
373,932
374,767
374,932
375,767
375,932
376,630
376,767
376,932
377,629
377,767
377,932
378,766
378,931
379,766
379,931
379,1119
380,745
380,765
380,931
380,1119
381,743
381,763
381,931
381,1119
382,743
382,762
382,931
382,1119
383,746
383,763
383,1118
384,742
384,761
384,1118
385,741
385,1118
386,741
386,1118
387,740
387,1119
388,740
388,1118
389,739
389,1118
389,1312
390,738
390,1118
390,1312
391,1118
391,1312
392,1118
392,1311
393,1118
393,1311
394,1118
394,1310
395,1117
395,1310
396,1117
396,1308
397,1288
397,1308
398,1288
398,1297
398,1307
399,1288
399,1297
399,1308
400,577
400,1288
400,1306
401,575
401,583
401,1287
402,574
402,583
402,1287
403,573
403,582
403,1286
404,571
404,582
404,1115
404,1285
405,571
405,580
405,1115
405,1284
406,569
406,579
406,1115
406,1283
407,569
407,578
407,1115
407,1283
408,570
408,576
408,1115
408,1280
409,377
409,553
409,568
409,574
409,1116
410,376
410,554
410,564
410,571
410,1116
411,377
411,557
411,941
411,1115
412,377
412,555
412,919
412,940
412,1115
413,377
413,553
413,919
413,939
413,1115
414,377
414,553
414,917
414,938
414,1115
415,377
415,552
415,921
415,939
415,1115
416,377
416,551
416,910
416,936
416,1115
417,377
417,551
417,912
417,921
417,940
417,1114
418,378
418,550
418,916
418,940
418,1114
419,378
419,549
419,916
419,939
419,1114
420,378
420,547
420,918
420,1114
421,378
421,544
421,918
421,1114
422,378
422,1114
423,378
424,378
425,379
426,379
427,379
429,1119
430,1120
431,1120
432,381
432,1120
433,381
433,1120
434,381
434,1120
435,382
435,1120
436,382
436,1120
437,382
437,735
437,1121
438,382
438,734
438,1121
438,1287
439,382
439,734
439,758
439,1121
439,1289
440,382
440,733
440,759
440,1121
440,1290
441,382
441,733
441,759
441,1121
441,1291
442,382
442,562
442,732
442,759
442,1121
442,1292
443,382
443,561
443,733
443,760
443,1121
443,1293
444,383
444,561
444,736
444,760
444,1121
444,1293
445,383
445,562
445,734
445,758
445,961
445,1121
445,1294
446,383
446,562
446,734
446,761
446,964
446,1121
446,1294
447,383
447,562
447,736
447,761
447,1120
447,1294
448,383
448,563
448,761
448,1295
449,383
449,562
449,760
449,1295
450,384
450,562
450,1296
451,383
451,562
452,384
452,563
453,384
453,563
454,385
454,563
454,1302
454,1309
455,385
455,562
455,1307
456,562
456,1122
456,1309
457,562
457,1123
457,1309
458,563
458,942
458,1122
458,1309
459,941
459,1122
459,1310
460,941
460,1123
460,1310
461,941
461,1123
461,1311
462,941
462,1123
462,1311
463,563
463,940
463,1123
463,1311
464,563
464,940
464,1122
464,1312
465,669
465,940
465,1122
465,1314
466,376
466,564
466,940
466,1122
466,1314
467,376
467,563
467,940
467,1122
467,1315
468,376
468,563
468,940
468,1122
469,377
469,564
469,940
469,1122
470,377
470,564
470,940
470,1121
471,378
471,564
471,668
471,939
471,1121
472,378
472,564
472,738
472,939
472,1121
473,378
473,564
473,736
473,939
474,378
474,564
474,740
475,379
475,564
475,741
476,379
476,564
476,740
476,938
477,380
477,565
477,740
478,380
478,564
478,674
478,740
479,380
479,564
479,741
480,380
480,564
480,738
480,744
481,380
481,565
481,742
482,565
482,742
482,935
483,565
483,742
483,935
484,564
484,742
484,935
485,384
485,741
485,935
486,384
486,742
486,935
487,385
487,743
487,935
487,1309
488,385
488,742
488,935
488,1309
489,387
489,745
489,935
489,1308
490,388
490,934
490,1307
491,388
491,934
491,1306
492,388
492,934
492,1305
493,387
493,934
493,1305
494,388
494,933
494,1305
495,388
495,933
495,1305
496,388
496,753
496,933
496,1304
497,388
497,751
497,933
497,1133
497,1304
498,389
498,571
498,752
498,933
498,1132
498,1303
499,389
499,570
499,753
499,1131
499,1303
500,390
500,571
500,753
500,1130
500,1303
501,390
501,570
501,752
501,1129
501,1302
502,391
502,569
502,753
502,1128
502,1302
503,391
503,569
503,753
503,1129
504,391
504,569
504,754
504,1127
505,392
505,569
505,754
505,1109
505,1126
506,569
506,754
506,1110
506,1119
506,1127
507,568
507,754
507,1112
507,1125
507,1296
508,568
508,755
508,1109
508,1295
509,568
509,755
509,1108
509,1292
510,568
510,755
510,1108
510,1291
511,568
511,1106
511,1291
512,568
512,759
512,1106
512,1291
513,567
513,757
513,1106
513,1291
514,567
514,758
514,1105
514,1290
515,1101
515,1290
516,1290
517,1290
518,566
518,1289
519,565
519,1287
520,565
520,1287
521,1287
522,563
522,1286
523,563
523,1286
524,563
524,1284
525,563
525,1284
526,563
527,563
528,563
529,563
530,562
531,562
532,561
533,562
534,562
535,561
536,560
537,370
537,391
537,560
538,369
538,392
538,560
539,369
539,392
539,560
540,369
540,392
541,368
541,380
541,393
541,769
542,367
542,389
542,768
543,367
543,391
543,768
544,367
544,391
544,767
545,369
545,390
545,767
546,766
547,743
547,765
548,741
548,763
549,742
549,761
550,546
550,742
550,753
550,763
551,545
551,743
551,763
552,546
552,740
552,763
553,547
553,740
554,548
554,739
554,1310
555,549
555,738
555,1128
555,1312
556,550
556,737
556,933
556,1125
556,1312
557,550
557,736
557,932
557,1126
557,1311
558,550
558,737
558,933
558,1126
558,1290
558,1311
559,551
559,933
559,1125
559,1288
559,1310
560,551
560,933
560,1104
560,1125
560,1300
561,553
561,933
561,1103
561,1124
561,1290
561,1309
562,553
562,933
562,1103
562,1122
562,1287
562,1308
563,560
563,933
563,1106
563,1123
563,1286
563,1309
564,569
564,933
564,1103
564,1122
564,1286
565,565
565,933
565,1101
565,1285
566,567
566,933
566,1100
566,1286
567,569
567,933
567,1100
567,1287
568,569
568,933
568,1100
569,570
569,933
569,1099
570,570
570,933
571,571
571,933
572,571
572,933
573,572
573,934
574,379
574,573
574,752
574,933
575,379
575,575
575,752
576,379
576,575
576,751
577,378
577,578
577,751
578,378
578,751
579,378
579,750
580,378
580,750
581,378
581,749
582,378
582,749
583,377
583,749
584,377
584,749
584,934
585,377
585,749
585,933
586,377
586,749
586,933
587,378
587,748
587,933
588,377
588,748
588,934
589,377
589,748
589,934
590,377
590,748
590,934
591,748
591,934
592,747
592,933
592,1295
593,934
593,1296
594,376
594,934
594,1295
595,376
595,934
595,1296
596,934
596,1297
597,745
597,933
597,1298
598,375
598,934
598,1298
599,375
599,934
599,1299
600,374
600,742
600,934
600,1299
601,374
601,741
601,934
601,1299
602,375
602,742
602,934
602,1299
603,375
603,741
603,933
603,1134
603,1299
604,375
604,741
604,933
604,1133
604,1300
605,375
605,740
605,1132
605,1300
606,374
606,741
606,1131
606,1299
607,374
607,741
607,1131
607,1300
608,374
608,740
608,1130
608,1300
609,374
609,740
609,1129
610,374
610,740
610,1129
611,374
611,740
611,1128
612,373
612,739
612,1128
612,1303
613,373
613,739
613,1128
614,373
614,738
614,1127
615,738
615,1120
615,1307
616,383
616,738
616,1115
616,1309
617,383
617,737
617,921
617,1114
617,1309
618,382
618,737
618,921
618,1113
618,1309
619,382
619,548
619,921
619,1112
619,1308
620,383
620,546
620,923
620,1112
620,1309
621,382
621,545
621,924
621,1111
621,1309
622,382
622,546
622,924
622,1111
622,1309
623,382
623,546
623,925
623,1110
623,1310
624,382
624,546
624,571
624,925
624,1109
624,1310
625,382
625,549
625,571
625,926
625,1108
625,1310
626,382
626,550
626,572
626,926
626,1106
626,1311
627,382
627,548
627,570
627,926
627,1106
627,1312
628,382
628,549
628,560
628,573
628,927
628,1312
629,382
629,550
629,573
629,927
629,1312
630,382
630,574
630,927
630,1312
631,382
631,574
631,926
631,1313
632,382
632,575
632,929
633,382
633,575
634,382
634,572
634,577
638,936
639,382
639,937
640,383
640,937
641,938
642,938
642,1302
643,938
643,1302
644,381
644,938
644,1303
645,381
645,938
645,1303
646,381
646,939
646,1303
647,381
647,939
647,1303
648,380
648,940
648,1303
649,380
649,941
649,1304
650,381
650,762
650,941
650,1304
651,381
651,740
651,763
651,942
651,1304
652,381
652,742
652,763
652,943
652,1304
653,380
653,567
653,741
653,763
653,1304
654,381
654,567
654,740
654,763
654,1304
655,380
655,567
655,752
655,1304
656,381
656,567
656,740
656,763
656,1305
657,381
657,566
657,739
657,761
657,1304
658,380
658,566
658,739
658,760
658,1304
659,380
659,566
659,740
659,1304
660,380
660,566
660,742
660,1304
661,380
661,567
662,381
662,566
663,566
664,566
665,566
665,1133
666,567
666,1134
667,567
667,1134
668,567
668,1109
668,1134
669,566
669,1108
669,1133
669,1308
670,566
670,1107
670,1132
670,1306
671,566
671,1120
671,1307
672,567
672,1108
672,1132
672,1307
673,1106
673,1131
673,1307
674,1106
674,1130
674,1307
675,1106
675,1307
676,1105
676,1306
677,1107
677,1306
678,567
678,1307
679,567
679,1307
680,566
680,1307
681,565
681,1307
682,566
682,1307
683,567
683,947
683,1307
684,567
684,946
684,1307
685,357
685,566
685,945
685,1307
686,359
686,566
686,945
686,1308
687,361
687,566
687,944
687,1307
688,363
688,566
688,944
689,363
689,566
689,943
690,364
690,566
690,942
691,364
691,566
691,941
692,365
692,566
692,925
692,939
693,365
693,566
693,738
693,927
693,942
694,366
694,566
694,739
694,925
695,367
695,566
695,740
695,924
696,367
696,566
696,741
696,923
697,368
697,566
697,742
697,922
698,369
698,566
698,743
698,922
699,374
699,566
699,743
699,921
700,375
700,566
700,744
700,920
700,1126
701,376
701,383
701,744
701,919
701,1126
702,382
702,744
702,918
702,1126
703,384
703,744
703,1126
703,1291
704,383
704,745
704,1126
704,1291
705,384
705,747
705,1126
705,1292
706,384
706,751
706,1125
706,1294
707,385
707,752
707,1125
707,1294
708,386
708,758
708,1125
708,1295
709,386
709,757
709,1126
709,1296
710,386
710,758
710,1126
710,1295
711,387
711,759
711,1125
711,1296
712,389
712,759
712,1125
712,1297
713,390
713,573
713,759
713,1125
713,1298
714,391
714,573
714,759
714,1125
714,1299
715,392
715,572
715,760
715,1125
715,1300
716,572
716,761
716,1124
717,572
717,762
718,572
718,763
719,572
719,764
720,571
720,765
721,571
721,765
722,571
723,571
724,571
724,1121
725,571
725,1121
726,570
726,1121
727,570
727,1122
728,571
728,1121
729,571
729,1121
730,370
730,571
730,1121
731,371
731,923
731,928
731,1121
732,370
732,923
732,1121
733,371
733,924
733,1121
734,371
734,924
734,1121
735,371
735,569
735,924
735,1120
736,371
736,925
736,1120
737,371
737,569
737,926
737,950
737,1120
738,371
738,567
738,927
738,950
738,1120
739,372
739,567
739,743
739,929
739,951
739,1120
740,372
740,567
740,743
740,930
740,951
740,1118
741,372
741,567
741,743
741,928
741,950
741,1119
742,372
742,567
742,743
742,928
742,952
743,372
743,566
743,744
743,952
744,372
744,566
744,744
744,953
745,372
745,566
745,744
745,954
746,373
746,566
746,745
746,955
747,373
747,566
747,745
747,954
748,373
748,566
748,745
748,954
748,959
748,1109
749,565
749,745
749,1110
750,565
750,746
750,1110
751,565
751,746
751,1111
752,374
752,565
752,746
752,1111
753,375
753,565
753,746
753,1112
754,376
754,565
754,746
754,1112
755,564
755,746
755,1113
756,564
756,1113
757,376
757,1114
758,376
758,1114
759,376
759,1115
760,376
760,1115
761,376
761,1115
762,375
762,1115
763,376
763,751
763,1115
764,376
764,751
764,1116
765,200
765,376
765,751
765,1115
766,202
766,377
766,751
766,1118
767,203
767,377
767,751
768,204
768,376
768,752
769,204
769,377
769,752
770,203
770,377
770,752
771,203
771,377
771,583
771,752
771,927
772,202
772,378
772,581
772,752
772,928
773,201
773,377
773,579
773,752
773,929
773,1126
774,378
774,578
774,753
774,929
774,1125
775,578
775,753
775,928
775,1125
776,578
776,754
776,928
776,1125
777,577
777,753
777,928
777,1126
778,576
778,754
778,929
778,1126
779,575
779,754
779,929
779,1127
780,575
780,754
780,929
780,1126
781,575
781,929
781,1127
782,575
782,929
782,1127
783,574
783,930
783,1127
784,569
784,930
784,1128
785,568
785,930
785,1129
786,387
786,930
786,1129
787,387
787,563
787,930
787,1129
788,387
788,562
788,929
788,1130
789,387
789,561
789,930
789,1130
790,386
790,561
790,930
790,1131
791,386
791,561
791,1132
792,386
792,561
793,385
793,560
794,386
794,559
795,386
795,558
795,931
796,385
796,558
796,931
797,384
797,557
797,744
798,385
798,556
798,744
799,385
799,555
799,744
800,385
800,744
800,933
801,385
801,745
801,932
802,385
802,745
802,933
803,384
803,746
803,933
804,385
804,746
804,933
805,746
805,932
806,746
806,933
806,1101
807,746
807,933
807,1102
808,747
808,933
808,1103
809,384
809,747
809,933
809,1103
810,384
810,747
810,934
810,1105
811,746
811,933
811,1106
812,747
812,934
812,1107
813,381
813,747
813,934
813,1106
814,380
814,934
814,1107
815,381
815,933
815,1107
816,381
816,933
816,1108
817,381
817,934
817,1108
818,381
818,934
818,1108
819,381
819,935
819,1108
820,200
820,380
820,935
820,1108
821,198
821,380
821,752
821,1109
822,199
822,380
822,752
822,1110
823,198
823,380
823,549
823,752
824,200
824,380
824,550
824,752
824,1113
825,201
825,379
825,551
825,753
826,202
826,379
826,552
826,753
826,1114
827,202
827,379
827,553
827,753
827,1115
828,203
828,379
828,554
828,753
828,1119
829,201
829,379
829,554
829,753
829,1120
830,379
830,554
830,753
830,1120
831,379
831,557
831,753
831,1121
832,556
832,563
832,572
832,754
832,1121
833,555
833,570
833,754
833,1121
834,389
834,571
834,754
834,1121
835,389
835,573
835,755
835,1122
836,388
836,573
836,755
836,1123
837,387
837,574
837,755
837,1123
838,386
838,574
838,1123
839,386
839,576
839,1123
840,385
840,576
840,1124
841,385
841,579
841,1125
842,384
842,1126
843,383
843,1126
844,383
844,1126
845,383
846,383
847,383
847,745
848,383
848,745
849,382
849,745
850,382
850,746
851,380
851,746
852,746
853,378
853,745
854,378
854,746
855,746
856,746
857,373
857,746
858,373
858,746
859,372
859,746
860,371
860,746
861,371
861,746
862,371
862,746
863,371
863,746
864,370
864,746
865,370
865,747
866,369
867,369
868,202
868,369
869,201
869,368
870,200
870,367
871,199
871,366
872,198
872,366
873,197
873,366
874,197
874,748
875,196
875,747
875,1106
876,195
876,550
876,748
876,1105
877,195
877,550
877,748
877,1104
878,193
878,551
878,749
878,1104
878,1131
879,194
879,552
879,748
879,1104
879,1130
880,186
880,194
880,553
880,748
880,1105
880,1131
881,182
881,188
881,553
881,748
881,1108
881,1132
882,180
882,554
882,748
882,1106
882,1130
883,180
883,554
883,749
883,1107
883,1133
884,180
884,557
884,749
884,1106
884,1133
885,180
885,556
885,563
885,571
885,749
885,1108
885,1134
886,180
886,571
886,748
886,947
886,1133
887,180
887,571
887,748
887,946
887,1134
888,572
888,749
888,945
888,1133
889,572
889,749
889,944
890,573
890,749
890,944
891,574
891,749
891,943
892,575
892,749
892,942
893,576
893,942
894,576
894,941
895,941
896,387
896,941
897,387
897,937
898,386
898,923
898,932
898,940
899,385
899,923
899,930
900,384
900,924
901,383
901,922
902,382
902,921
903,382
903,921
904,382
904,920
905,381
905,920
906,381
906,919
907,380
907,918
908,381
908,917
909,916
910,377
910,915
911,174
911,375
912,175
912,371
912,732
913,175
913,369
913,732
914,176
914,369
914,734
915,177
915,369
915,735
916,177
916,368
916,735
917,177
917,367
917,736
918,178
918,367
918,737
919,178
919,367
919,737
920,179
920,366
920,737
921,179
921,365
921,738
921,1102
922,179
922,364
922,739
922,1103
923,179
923,364
923,740
923,1103
924,180
924,362
924,739
924,1105
925,180
925,756
925,1106
926,181
926,752
926,1107
927,181
927,753
927,1108
928,180
928,755
928,1108
929,181
929,755
929,1109
930,183
930,756
930,937
930,1109
931,756
931,937
931,1110
932,185
932,757
932,936
932,1110
932,1116
933,187
933,577
933,581
933,757
933,936
933,1118
933,1126
934,188
934,577
934,758
934,936
934,1125
935,575
935,759
935,936
935,1126
936,575
936,761
936,936
936,1126
937,189
937,574
937,761
937,935
937,1127
938,189
938,574
938,764
938,935
938,1127
939,189
939,573
939,935
939,1128
940,189
940,572
940,935
940,1129
941,189
941,571
941,935
941,1130
942,190
942,571
942,935
942,1131
943,190
943,570
943,935
943,1132
944,191
944,569
944,934
944,1132
945,191
945,553
945,562
945,569
945,935
946,191
946,554
946,561
946,935
947,191
947,555
947,935
948,191
948,554
949,192
949,553
950,193
950,370
950,552
951,194
951,371
951,552
952,194
952,371
952,552
953,194
953,372
953,551
954,195
954,373
954,550
955,374
955,550
955,932
956,374
956,547
956,931
957,375
957,547
957,931
958,375
958,931
959,375
959,931
960,376
960,931
961,376
961,931
962,377
962,931
963,376
963,931
964,383
964,931
965,383
965,931
966,390
966,930
967,388
967,930
968,389
968,930
969,389
969,930
970,389
970,929
971,390
971,929
972,391
972,928
973,391
973,757
974,391
974,758
975,202
975,392
975,759
976,204
976,393
976,737
976,759
977,205
977,394
977,736
977,758
978,181
978,205
978,395
978,735
978,754
979,181
979,205
979,396
979,736
979,747
979,756
980,180
980,205
980,734
980,756
981,192
981,734
981,755
981,1131
981,1136
982,179
982,192
982,203
982,734
982,1135
983,178
983,202
983,735
983,1134
984,178
984,201
984,732
984,737
984,1133
985,178
985,201
985,1133
986,178
986,551
986,1132
987,178
987,551
987,1110
987,1132
988,552
988,1110
988,1130
989,552
989,1109
989,1120
989,1130
990,553
990,1110
990,1130
991,553
991,1109
991,1130
992,554
992,574
992,1108
993,557
993,574
993,1107
994,555
994,565
994,574
994,1106
995,555
995,575
995,1106
996,576
996,1106
997,576
997,1105
998,576
999,577
1000,578
1001,579
1002,390
1002,574
1002,580
1003,390
1004,389
1005,388
1005,916
1005,921
1006,389
1006,920
1007,388
1007,920
1008,388
1008,920
1009,387
1009,921
1010,387
1010,922
1010,942
1011,386
1011,925
1011,943
1012,386
1012,934
1013,386
1013,923
1013,943
1014,386
1014,925
1014,944
1015,386
1015,945
1016,386
1016,771
1016,946
1017,386
1017,770
1017,947
1018,386
1018,769
1018,947
1019,386
1019,768
1020,386
1020,767
1021,766
1022,766
1023,384
1023,765
1024,384
1024,765
1025,166
1025,385
1025,764
1026,167
1026,763
1027,168
1027,763
1028,169
1028,763
1029,170
1029,381
1029,763
1030,171
1030,381
1030,762
1031,172
1031,381
1031,762
1031,1106
1032,171
1032,380
1032,1107
1033,172
1033,379
1033,754
1033,1108
1034,173
1034,379
1034,754
1034,1109
1035,173
1035,379
1035,747
1035,1110
1036,174
1036,379
1036,747
1036,1111
1037,174
1037,379
1037,747
1037,1111
1038,174
1038,379
1038,747
1038,1111
1039,175
1039,379
1039,747
1039,1111
1040,176
1040,378
1040,746
1040,924
1040,1114
1041,181
1041,378
1041,746
1041,924
1041,1114
1041,1120
1041,1128
1042,184
1042,378
1042,745
1042,925
1042,1129
1043,184
1043,378
1043,745
1043,926
1043,1128
1044,377
1044,579
1044,744
1044,926
1044,1129
1045,188
1045,377
1045,577
1045,744
1045,926
1045,1130
1046,189
1046,377
1046,388
1046,578
1046,743
1046,926
1046,1130
1047,190
1047,388
1047,554
1047,578
1047,741
1047,927
1047,1131
1048,190
1048,388
1048,553
1048,578
1048,740
1048,927
1048,1132
1049,190
1049,388
1049,553
1049,578
1049,740
1049,927
1049,1132
1050,191
1050,386
1050,553
1050,574
1050,738
1050,927
1050,1133
1051,191
1051,387
1051,555
1051,576
1051,927
1051,1135
1052,192
1052,386
1052,551
1052,576
1052,927
1052,1134
1053,192
1053,386
1053,551
1053,575
1053,927
1054,193
1054,386
1054,551
1054,575
1054,928
1055,194
1055,386
1055,551
1055,928
1056,194
1056,386
1056,551
1056,928
1057,195
1057,386
1057,553
1057,929
1058,197
1058,386
1058,927
1059,197
1059,386
1060,386
1061,385
1062,385
1063,385
1067,384
1067,933
1068,384
1068,933
1069,933
1070,933
1071,933
1072,382
1072,933
1073,382
1073,934
1074,382
1074,934
1075,382
1075,933
1076,382
1076,934
1076,1111
1077,382
1077,934
1077,1112
1078,381
1078,934
1078,1114
1079,381
1079,935
1079,1113
1080,381
1080,935
1080,1114
1081,381
1081,740
1081,935
1081,1116
1082,381
1082,740
1082,935
1082,1116
1083,381
1083,739
1083,936
1083,1117
1084,380
1084,740
1084,762
1084,936
1084,1118
1085,380
1085,740
1085,762
1085,936
1085,1118
1086,380
1086,741
1086,763
1086,937
1086,1118
1087,380
1087,741
1087,752
1087,764
1087,1118
1088,380
1088,742
1088,763
1088,1119
1089,742
1089,765
1089,1119
1090,743
1090,765
1090,1120
1091,765
1092,765
1092,1124
1093,765
1094,1126
1095,1127
1095,1132
1096,1132
1097,1133
1098,1133
1099,950
1099,1133
1100,950
1100,1133
1101,949
1101,1134
1102,948
1102,1134
1103,383
1103,947
1103,1134
1104,383
1104,946
1104,1134
1105,383
1105,945
1105,1135
1106,383
1106,472
1106,945
1106,1136
1107,383
1107,472
1107,945
1107,1138
1108,382
1108,472
1108,944
1108,1138
1109,382
1109,470
1109,944
1109,1139
1110,383
1110,944
1111,383
1111,943
1112,383
1112,943
1113,383
1113,943
1114,382
1115,383
1115,936
1116,383
1117,383
1117,931
1118,383
1118,931
1119,383
1119,931
1120,382
1120,930
1121,383
1121,929
1122,383
1122,929
1123,756
1123,929
1124,756
1124,929
1125,755
1125,928
1125,1106
1126,754
1126,927
1126,1106
1127,384
1127,754
1127,926
1127,1107
1128,753
1128,926
1128,1108
1129,753
1129,925
1129,1109
1130,383
1130,752
1130,924
1130,1109
1131,752
1131,923
1131,1110
1132,383
1132,752
1132,1111
1133,384
1133,751
1133,1111
1134,383
1134,751
1134,1112
1135,383
1135,750
1135,1113
1136,205
1136,383
1136,751
1136,1112
1137,202
1137,383
1137,751
1137,1112
1138,202
1138,383
1138,1113
1139,201
1139,383
1139,1113
1140,200
1140,383
1140,1113
1141,200
1141,383
1141,1114
1142,199
1142,383
1142,1114
1143,199
1143,383
1144,197
1144,383
1144,743
1145,197
1145,383
1145,741
1146,180
1146,195
1146,384
1146,741
1147,183
1147,197
1147,384
1147,741
1147,1120
1148,179
1148,383
1148,741
1148,1124
1149,178
1149,384
1149,741
1149,1125
1150,178
1150,383
1150,741
1150,1125
1151,178
1151,384
1151,740
1151,1124
1152,177
1152,740
1152,1125
1153,176
1153,740
1153,1126
1154,175
1154,739
1154,1126
1155,175
1155,383
1155,738
1155,1126
1156,174
1156,383
1156,737
1156,948
1156,1126
1157,170
1157,174
1157,383
1157,737
1157,946
1157,1127
1158,383
1158,736
1158,945
1158,1128
1159,382
1159,736
1159,945
1159,1128
1160,381
1160,944
1160,1129
1161,381
1161,944
1161,1129
1162,381
1162,943
1162,1130
1163,381
1163,942
1163,1131
1164,380
1164,942
1164,1131
1165,380
1165,942
1166,380
1166,942
1167,380
1167,941
1168,380
1168,940
1169,380
1169,941
1170,379
1170,941
1171,379
1171,940
1172,379
1172,938
1175,379
1177,770
1178,769
1178,930
1179,768
1179,929
1180,375
1180,767
1180,930
1181,374
1181,765
1181,930
1182,373
1182,764
1182,929
1183,373
1183,764
1183,929
1184,374
1184,764
1184,928
1185,374
1185,763
1185,928
1186,374
1186,762
1186,928
1187,373
1187,762
1187,927
1188,373
1188,761
1188,927
1188,1102
1189,372
1189,761
1189,926
1189,1100
1190,206
1190,372
1190,762
1190,925
1190,1103
1191,204
1191,372
1191,754
1191,760
1191,924
1191,1104
1192,203
1192,372
1192,752
1192,924
1192,1105
1193,203
1193,371
1193,747
1193,924
1193,1106
1194,202
1194,371
1194,746
1194,1106
1195,201
1195,371
1195,584
1195,745
1195,1107
1196,200
1196,371
1196,583
1196,744
1196,1107
1197,184
1197,200
1197,582
1197,743
1197,1108
1198,183
1198,197
1198,581
1198,743
1198,1108
1199,184
1199,200
1199,580
1199,743
1199,1108
1200,182
1200,199
1200,579
1200,742
1201,181
1201,578
1201,742
1201,1116
1201,1122
1202,181
1202,578
1202,741
1202,1121
1203,180
1203,578
1203,740
1203,1123
1204,179
1204,577
1204,739
1204,1123
1205,178
1205,576
1205,738
1205,1124
1206,178
1206,576
1206,737
1206,921
1206,1124
1207,177
1207,576
1207,922
1207,1125
1208,574
1208,923
1208,1125
1209,569
1209,924
1209,1126
1210,568
1210,925
1210,1127
1211,364
1211,563
1211,926
1211,1129
1212,366
1212,562
1212,927
1212,1129
1213,366
1213,561
1213,927
1214,367
1214,561
1214,927
1215,368
1215,560
1215,928
1216,368
1216,559
1216,928
1217,369
1217,559
1217,928
1218,369
1218,559
1218,929
1219,370
1219,559
1219,930
1220,370
1220,557
1221,370
1221,556
1222,371
1222,555
1223,371
1223,554
1223,937
1224,372
1224,553
1224,941
1225,372
1225,940
1226,373
1226,734
1226,940
1227,376
1227,734
1227,941
1228,378
1228,736
1228,941
1229,379
1229,737
1229,942
1230,378
1230,737
1230,942
1231,738
1231,943
1232,384
1232,739
1232,943
1233,383
1233,740
1233,944
1234,384
1234,740
1234,945
1235,384
1235,741
1235,947
1236,384
1236,741
1236,946
1237,385
1237,741
1238,385
1238,741
1239,385
1239,742
1240,206
1240,385
1240,742
1241,204
1241,386
1242,203
1242,386
1242,749
1243,202
1243,387
1243,749
1244,202
1244,388
1244,751
1244,756
1245,201
1245,389
1245,755
1246,200
1246,389
1246,756
1247,199
1247,390
1247,756
1248,199
1248,391
1248,757
1249,199
1249,587
1249,757
1250,199
1250,586
1250,757
1251,197
1251,584
1251,758
1252,193
1252,582
1252,758
1253,186
1253,191
1253,582
1253,758
1254,187
1254,582
1254,760
1254,1130
1255,185
1255,581
1255,760
1255,1132
1256,185
1256,581
1256,761
1256,923
1256,1133
1257,185
1257,580
1257,762
1257,925
1257,1110
1257,1133
1258,184
1258,579
1258,764
1258,925
1258,1109
1258,1133
1259,184
1259,579
1259,764
1259,926
1259,1108
1259,1132
1260,183
1260,577
1260,926
1260,1120
1261,183
1261,572
1261,579
1261,926
1261,1108
1261,1120
1261,1131
1262,182
1262,564
1262,570
1262,927
1262,1106
1262,1131
1263,180
1263,564
1263,928
1263,1106
1263,1131
1264,180
1264,563
1264,928
1264,1106
1264,1130
1265,177
1265,563
1265,928
1265,1107
1266,563
1266,928
1266,1107
1267,562
1267,929
1268,561
1268,929
1269,561
1269,929
1270,560
1270,929
1271,560
1271,929
1272,558
1272,931
1273,557
1274,391
1274,933
1275,389
1275,933
1276,389
1276,933
1277,388
1278,388
1278,754
1279,387
1279,754
1279,937
1280,386
1280,754
1280,937
1281,385
1281,755
1281,938
1282,385
1282,754
1282,938
1283,385
1283,755
1283,938
1284,385
1284,754
1284,938
1285,385
1285,754
1285,938
1286,384
1286,754
1286,939
1287,384
1287,754
1287,939
1288,383
1288,755
1288,939
1289,754
1289,939
1290,190
1290,380
1290,754
1290,940
1291,190
1291,378
1291,754
1291,941
1292,189
1292,754
1292,942
1293,189
1293,755
1293,942
1294,189
1294,374
1294,755
1294,942
1295,189
1295,374
1296,189
1296,372
1297,189
1297,372
1298,188
1298,372
1299,189
1299,372
1300,189
1300,371
1301,189
1301,371
1302,189
1302,371
1302,754
1302,1102
1303,189
1303,369
1303,755
1303,1103
1304,188
1304,369
1304,755
1304,1103
1305,188
1305,369
1305,755
1305,1105
1306,189
1306,368
1306,755
1306,1106
1307,189
1307,367
1307,754
1307,1107
1308,366
1308,755
1308,1107
1309,755
1309,1107
1310,189
1310,755
1310,1108
1311,189
1311,755
1311,1109
1312,755
1312,1109
1312,1118
1312,1129
1313,754
1313,1109
1313,1119
1313,1128
1314,755
1314,1128
1315,186
1315,755
1315,1129
1316,187
1316,755
1316,1130
1317,187
1317,755
1317,1130
1318,187
1318,578
1318,755
1318,1130
1319,187
1319,558
1319,580
1319,1131
1320,186
1320,557
1320,581
1320,1132
1321,186
1321,556
1321,581
1321,1133
1322,187
1322,559
1322,580
1322,1134
1323,187
1323,556
1323,579
1323,1134
1324,187
1324,556
1324,581
1324,944
1324,1134
1325,186
1325,396
1325,556
1325,580
1325,944
1326,186
1326,395
1326,557
1326,579
1326,761
1326,944
1327,186
1327,393
1327,558
1327,578
1327,760
1327,943
1328,186
1328,392
1328,557
1328,759
1328,922
1328,942
1329,186
1329,391
1329,759
1329,921
1329,942
1330,186
1330,391
1330,758
1330,921
1330,938
1331,186
1331,390
1331,757
1331,921
1331,940
1332,186
1332,389
1332,757
1332,919
1332,940
1333,389
1333,757
1333,919
1333,941
1334,388
1334,756
1334,918
1335,382
1335,388
1335,756
1335,918
1336,373
1336,381
1336,389
1336,755
1336,918
1337,373
1337,755
1337,918
1338,372
1338,755
1339,189
1339,372
1339,755
1340,188
1340,371
1340,755
1341,188
1341,371
1341,755
1342,188
1342,370
1342,754
1342,1118
1343,187
1343,369
1343,754
1343,1119
1344,186
1344,368
1344,1119
1345,186
1345,368
1345,1119
1346,186
1346,367
1346,750
1346,1119
1347,186
1347,365
1347,749
1347,1119
1348,186
1348,749
1348,1119
1349,185
1349,1119
1350,185
1350,1119
1351,185
1351,746
1351,1119
1352,185
1352,745
1352,1119
1353,185
1353,744
1353,1119
1354,185
1354,745
1354,1119
1355,184
1355,744
1355,1119
1356,184
1356,745
1356,1119
1357,744
1357,1118
1358,744
1358,1119
1359,744
1359,1118
1360,184
1360,743
1361,183
1361,743
1362,743
1363,742
1364,741
1365,180
1365,741
1366,179
1366,740
1367,179
1367,740
1367,1119
1368,179
1368,739
1368,1118
1369,179
1369,1118
1370,179
1370,1119
1371,179
1371,1119
1372,178
1372,1119
1373,178
1373,1119
1374,178
1374,390
1374,1118
1375,178
1375,389
1375,1118
1376,178
1376,390
1376,1119
1377,177
1377,389
1377,953
1377,1119
1378,176
1378,389
1378,951
1378,1119
1379,177
1379,388
1379,950
1379,1118
1380,176
1380,388
1380,949
1380,1118
1381,177
1381,388
1381,948
1381,1118
1382,176
1382,388
1382,946
1382,1118
1383,175
1383,387
1383,946
1383,1118
1384,387
1384,946
1385,386
1385,945
1386,386
1386,945
1387,387
1387,944
1388,387
1388,943
1389,387
1389,936
1389,943
1390,386
1390,927
1390,935
1390,943
1391,386
1391,926
1392,385
1392,926
1393,385
1393,926
1394,385
1394,925
1395,384
1395,925
1396,764
1396,924
1396,1113
1397,766
1397,923
1397,1113
1398,171
1398,766
1398,923
1398,1114
1399,172
1399,382
1399,740
1399,765
1399,922
1399,1114
1400,171
1400,381
1400,740
1400,765
1400,921
1400,1114
1401,172
1401,380
1401,739
1401,764
1401,920
1401,1114
1402,173
1402,381
1402,739
1402,760
1402,915
1402,919
1402,1114
1403,174
1403,380
1403,739
1403,764
1403,1114
1404,174
1404,380
1404,737
1404,763
1404,1114
1405,175
1405,380
1405,737
1405,762
1405,1115
1406,175
1406,380
1406,736
1406,761
1406,1115
1407,175
1407,379
1407,736
1407,1115
1408,176
1408,379
1408,736
1408,1115
1409,176
1409,380
1409,739
1409,1115
1410,177
1410,380
1410,1115
1411,177
1411,379
1411,556
1411,1115
1412,177
1412,379
1412,556
1412,1116
1413,178
1413,378
1413,557
1413,1116
1414,181
1414,378
1414,558
1414,1114
1415,184
1415,378
1415,559
1416,184
1416,377
1416,559
1417,378
1417,559
1418,376
1418,560
1419,187
1419,561
1420,188
1420,561
1421,188
1421,562
1421,954
1422,189
1422,562
1422,951
1422,1116
1423,189
1423,562
1423,950
1423,1116
1424,189
1424,562
1424,949
1424,1117
1425,190
1425,561
1425,565
1425,948
1425,1116
1426,190
1426,568
1426,948
1426,1117
1427,190
1427,568
1427,947
1427,1117
1428,191
1428,946
1428,1117
1429,192
1429,946
1429,1117
1430,192
1430,396
1430,572
1430,945
1430,1117
1431,193
1431,395
1431,573
1431,946
1431,1117
1432,194
1432,393
1432,573
1432,944
1432,1117
1433,194
1433,393
1433,574
1433,937
1433,1117
1434,196
1434,393
1434,574
1434,930
1434,1117
1435,196
1435,392
1435,575
1435,932
1435,1118
1436,390
1436,575
1436,931
1436,1118
1437,390
1437,575
1437,930
1437,1117
1438,390
1438,575
1438,929
1438,1117
1439,389
1439,576
1439,929
1439,1118
1440,389
1440,577
1440,929
1440,1118
1441,389
1441,578
1441,928
1442,388
1442,578
1442,927
1443,388
1443,579
1443,759
1443,927
1444,388
1444,759
1444,925
1445,387
1445,758
1445,924
1446,757
1447,757
1448,381
1448,757
1449,757
1450,376
1450,757
1451,377
1451,756
1452,376
1452,756
1453,375
1453,756
1453,1125
1454,375
1454,756
1454,1124
1455,197
1455,375
1455,756
1455,1124
1456,197
1456,375
1456,756
1456,1123
1457,195
1457,374
1457,755
1457,1123
1458,194
1458,374
1458,755
1458,1123
1459,193
1459,373
1459,754
1459,1123
1460,191
1460,373
1460,1122
1461,191
1461,372
1461,1121
1462,191
1462,371
1462,752
1462,1121
1463,191
1463,370
1463,1121
1464,190
1464,369
1464,1121
1465,189
1465,368
1465,1120
1466,189
1466,751
1466,1120
1467,188
1467,751
1467,1119
1468,184
1468,188
1468,750
1468,1120
1469,183
1469,750
1469,1119
1470,175
1470,180
1470,750
1470,1119
1471,176
1471,750
1471,1120
1472,175
1472,750
1473,175
1473,749
1474,175
1474,749
1474,1114
1475,174
1475,749
1475,952
1476,173
1476,578
1476,748
1476,951
1477,173
1477,558
1477,580
1477,748
1477,951
1478,172
1478,555
1478,580
1478,748
1478,950
1478,1112
1479,172
1479,555
1479,580
1479,747
1479,948
1479,1111
1480,171
1480,554
1480,578
1480,746
1480,947
1480,1111
1481,169
1481,567
1481,747
1481,947
1481,1111
1482,168
1482,553
1482,578
1482,746
1482,947
1482,1110
1483,554
1483,578
1483,946
1483,1110
1484,402
1484,553
1484,577
1484,946
1484,1110
1485,399
1485,555
1485,577
1485,945
1485,1110
1486,399
1486,554
1486,944
1486,1110
1487,397
1487,555
1487,944
1487,1109
1488,396
1488,939
1488,1109
1489,395
1489,938
1489,1108
1490,394
1490,1108
1491,394
1491,932
1491,1108
1492,394
1492,932
1492,1108
1493,394
1493,932
1493,1107
1494,393
1494,931
1494,1105
1495,391
1495,931
1495,1105
1496,392
1496,930
1496,1105
1497,385
1497,392
1497,930
1498,377
1498,384
1498,929
1499,378
1499,929
1500,377
1500,928
1501,169
1501,377
1501,926
1502,169
1502,377
1502,925
1503,170
1503,376
1504,171
1504,376
1505,172
1505,374
1506,173
1506,374
1507,174
1507,373
1508,175
1508,372
1509,175
1509,371
1510,175
1510,368
1511,176
1512,177
1513,177
1513,578
1514,177
1514,184
1514,579
1515,579
1516,185
1516,192
1516,577
1517,190
1517,577
1517,1107
1517,1112
1518,191
1518,577
1518,1110
1519,192
1519,577
1519,1109
1519,1133
1520,193
1520,577
1520,1110
1520,1133
1521,193
1521,576
1521,1110
1521,1135
1522,193
1522,575
1522,1114
1522,1135
1523,193
1523,575
1523,945
1523,1111
1523,1122
1523,1135
1524,194
1524,575
1524,944
1524,1111
1524,1135
1525,195
1525,575
1525,944
1525,1112
1525,1135
1526,196
1526,575
1526,943
1526,1112
1526,1136
1527,198
1527,575
1527,943
1527,1135
1528,198
1528,574
1528,943
1528,1135
1529,199
1529,574
1529,943
1530,574
1530,943
1531,574
1531,942
1532,574
1532,942
1533,942
1534,942
1535,571
1535,943
1536,571
1536,942
1537,942
1538,942
1539,942
1540,567
1540,942
1541,372
1541,567
1542,373
1542,567
1543,373
1543,567
1544,374
1544,566
1545,374
1545,566
1546,375
1546,566
1546,752
1547,375
1547,566
1547,752
1548,376
1548,566
1548,752
1548,938
1549,377
1549,566
1549,751
1549,938
1550,377
1550,565
1550,752
1550,938
1551,377
1551,565
1551,752
1551,938
1552,378
1552,565
1552,752
1552,938
1553,378
1553,564
1553,752
1553,938
1554,379
1554,564
1554,752
1554,938
1555,379
1555,563
1555,752
1555,938
1556,379
1556,563
1556,752
1556,938
1557,563
1557,752
1557,938
1558,385
1558,563
1558,752
1558,938
1559,385
1559,752
1559,936
1560,192
1560,752
1560,937
1561,192
1561,752
1561,937
1562,192
1562,752
1562,936
1562,1128
1563,191
1563,389
1563,752
1563,936
1563,1128
1564,191
1564,390
1564,752
1564,936
1564,1127
1565,191
1565,391
1565,752
1565,935
1565,1126
1566,192
1566,391
1566,1125
1567,192
1567,391
1567,752
1567,1125
1568,192
1568,391
1568,1125
1569,191
1569,392
1569,752
1569,1124
1570,191
1570,392
1570,752
1570,1123
1571,191
1571,393
1571,1123
1572,192
1572,394
1572,1123
1573,192
1573,394
1573,589
1573,1123
1574,192
1574,395
1574,587
1574,1123
1575,192
1575,395
1575,584
1575,752
1575,1123
1576,396
1576,584
1576,753
1576,1122
1577,398
1577,583
1577,753
1577,1122
1578,397
1578,583
1578,752
1579,193
1579,582
1579,752
1580,581
1580,752
1580,1117
1581,581
1581,752
1582,580
1582,752
1582,1115
1583,579
1583,752
1583,948
1583,1113
1584,192
1584,574
1584,580
1584,752
1584,948
1584,1113
1585,193
1585,565
1585,571
1585,752
1585,946
1585,1114
1586,192
1586,565
1586,752
1586,946
1586,1112
1587,192
1587,564
1587,752
1587,945
1587,1112
1588,192
1588,564
1588,752
1588,944
1588,1112
1589,192
1589,563
1589,752
1589,943
1589,1112
1590,192
1590,562
1590,752
1590,943
1590,1112
1591,192
1591,562
1591,752
1591,943
1591,1111
1592,191
1592,561
1592,752
1592,943
1592,1110
1593,192
1593,374
1593,561
1593,753
1593,942
1593,1110
1594,192
1594,374
1594,560
1594,752
1594,941
1594,1110
1595,192
1595,375
1595,559
1595,942
1595,1109
1596,193
1596,376
1596,557
1596,935
1596,1108
1597,192
1597,377
1597,934
1597,1107
1598,192
1598,377
1598,927
1599,193
1599,378
1599,765
1599,928
1600,379
1600,764
1600,927
1601,380
1601,763
1601,927
1602,380
1602,762
1602,927
1603,380
1603,761
1603,927
1604,380
1604,760
1604,926
1605,381
1605,759
1605,925
1606,381
1606,759
1606,925
1607,381
1607,758
1607,924
1608,757
1608,924
1609,195
1609,757
1609,923
1610,194
1610,387
1610,757
1610,921
1610,1120
1611,193
1611,757
1611,918
1611,1121
1612,194
1612,388
1612,756
1612,1121
1613,193
1613,391
1613,754
1613,1122
1614,192
1614,393
1614,1122
1615,192
1615,392
1615,749
1615,1122
1616,191
1616,393
1616,749
1616,1122
1617,191
1617,393
1617,743
1617,1122
1618,191
1618,393
1618,743
1618,1123
1619,190
1619,394
1619,742
1619,1123
1620,190
1620,394
1620,742
1620,1123
1621,189
1621,394
1621,742
1621,1123
1622,189
1622,395
1622,741
1622,1123
1623,189
1623,396
1623,740
1623,1123
1624,189
1624,397
1624,740
1624,1124
1625,189
1625,397
1625,739
1625,1124
1626,188
1626,399
1626,739
1626,1124
1627,187
1627,399
1627,738
1627,1124
1628,186
1628,737
1628,1124
1629,185
1629,736
1629,1124
1630,185
1630,735
1631,734
1633,181
1634,180
1635,180
1636,180
1637,179
1637,947
1638,179
1638,947
1638,1129
1639,179
1639,946
1639,1128
1640,179
1640,946
1640,1128
1641,179
1641,555
1641,945
1641,1129
1642,178
1642,555
1642,945
1642,1129
1643,177
1643,556
1643,578
1643,945
1643,1129
1644,177
1644,556
1644,577
1644,945
1644,1129
1645,177
1645,559
1645,579
1645,945
1645,1129
1646,177
1646,558
1646,576
1646,944
1646,1129
1647,177
1647,557
1647,579
1647,943
1647,1130
1648,175
1648,558
1648,581
1648,943
1648,1130
1649,175
1649,558
1649,581
1649,943
1649,1130
1650,175
1650,581
1650,943
1650,1130
1651,580
1651,943
1651,1130
1652,579
1652,942
1652,1130
1653,943
1653,1131
1654,943
1654,1131
1655,942
1655,1132
1656,180
1657,181
1658,182
1658,939
1659,183
1660,183
1661,183
1661,770
1662,183
1662,769
1662,938
1663,184
1663,769
1663,936
1664,184
1664,768
1664,937
1664,1123
1665,185
1665,766
1665,936
1665,1123
1666,184
1666,765
1666,936
1666,1122
1667,185
1667,765
1667,937
1667,1122
1668,185
1668,765
1668,936
1668,1122
1669,186
1669,765
1669,935
1669,1122
1670,186
1670,764
1670,935
1670,1122
1671,186
1671,763
1671,935
1671,1122
1672,185
1672,763
1672,936
1672,1122
1673,186
1673,579
1673,763
1673,935
1673,1122
1674,188
1674,578
1674,763
1674,934
1674,1122
1675,577
1675,763
1675,934
1675,1122
1676,577
1676,933
1676,1122
1677,191
1677,575
1677,756
1677,933
1677,1122
1678,190
1678,575
1678,755
1678,933
1678,1122
1679,574
1679,932
1679,1121
1680,574
1680,752
1680,1121
1681,574
1681,750
1681,1120
1682,194
1682,573
1682,750
1683,194
1683,572
1683,750
1684,195
1684,572
1684,749
1684,1120
1685,195
1685,572
1685,749
1686,194
1686,572
1686,748
1687,195
1687,572
1687,748
1688,195
1688,571
1688,747
1689,195
1689,747
1689,1121
1690,195
1690,746
1690,1119
1691,195
1691,746
1691,1119
1692,196
1692,744
1692,1120
1693,196
1693,378
1693,562
1693,1120
1694,197
1694,377
1694,560
1694,1120
1695,198
1695,377
1695,560
1695,1120
1696,198
1696,377
1696,560
1696,1120
1697,198
1697,378
1697,560
1697,951
1697,1120
1698,199
1698,378
1698,559
1698,949
1698,1120
1699,200
1699,378
1699,558
1699,949
1699,1120
1700,378
1700,558
1700,948
1700,1120
1701,377
1701,558
1701,948
1701,1119
1702,378
1702,558
1702,947
1702,1119
1703,378
1703,558
1703,947
1703,1119
1704,379
1704,556
1704,924
1704,945
1704,1118
1705,378
1705,555
1705,925
1705,942
1705,1119
1706,378
1706,555
1706,927
1706,945
1707,378
1707,554
1707,924
1707,945
1708,378
1708,553
1708,922
1708,945
1709,379
1709,921
1710,379
1710,921
1711,920
1712,920
1713,919
1714,919
1715,918
1717,381
1718,380
1719,381
1720,381
1721,381
1722,172
1722,381
1722,773
1723,172
1723,381
1723,770
1724,175
1724,381
1724,769
1725,175
1725,381
1725,576
1725,768
1726,176
1726,381
1726,575
1726,768
1727,177
1727,381
1727,575
1727,767
1728,177
1728,382
1728,574
1728,767
1728,1106
1729,177
1729,382
1729,573
1729,748
1729,765
1729,1107
1730,178
1730,381
1730,573
1730,746
1730,762
1730,1108
1731,180
1731,382
1731,573
1731,748
1731,765
1731,1109
1732,180
1732,382
1732,572
1732,745
1732,765
1732,1110
1733,179
1733,187
1733,383
1733,572
1733,744
1733,764
1733,1110
1734,188
1734,571
1734,744
1734,1112
1735,193
1735,571
1735,743
1735,1111
1735,1122
1736,193
1736,571
1736,743
1736,1111
1736,1123
1737,194
1737,570
1737,742
1737,1111
1738,195
1738,571
1738,741
1739,196
1739,571
1739,741
1739,745
1740,196
1740,570
1741,197
1741,570
1742,198
1742,570
1743,198
1744,199
1745,201
1745,566
1745,955
1746,565
1746,955
1747,955
1748,954
1749,563
1749,953
1750,562
1750,952
1751,561
1751,951
1752,561
1752,951
1753,561
1753,950
1754,561
1754,950
1755,561
1755,949
1756,560
1756,948
1757,560
1757,949
1758,560
1758,949
1759,559
1759,948
1760,559
1760,947
1761,559
1762,557
1763,24
1763,397
1763,557
1764,25
1764,397
1764,557
1765,25
1765,394
1765,557
1765,938
1766,25
1766,393
1766,556
1766,936
1767,23
1767,393
1767,935
1768,392
1768,935
1769,392
1769,737
1769,935
1770,179
1770,390
1770,738
1770,935
1771,179
1771,389
1771,738
1771,934
1772,180
1772,389
1772,739
1772,934
1773,180
1773,389
1773,740
1773,934
1774,181
1774,384
1774,390
1774,741
1774,933
1775,181
1775,376
1775,381
1775,741
1775,932
1776,182
1776,375
1776,743
1776,931
1777,182
1777,375
1777,743
1777,762
1777,931
1777,1102
1778,182
1778,375
1778,743
1778,754
1778,762
1778,929
1778,1104
1779,183
1779,374
1779,742
1779,761
1779,927
1779,1105
1780,183
1780,374
1780,742
1780,763
1780,1106
1781,184
1781,373
1781,763
1781,1107
1782,183
1782,373
1782,765
1782,1108
1783,184
1783,372
1783,766
1783,1109
1784,185
1784,371
1784,766
1784,1109
1785,185
1785,370
1785,766
1785,1110
1786,185
1786,368
1786,548
1786,767
1786,937
1786,1110
1787,192
1787,549
1787,766
1787,937
1787,1110
1788,550
1788,938
1788,1110
1789,551
1789,937
1789,1110
1790,551
1790,937
1791,552
1791,938
1792,553
1792,938
1793,554
1793,938
1794,193
1794,555
1794,939
1795,194
1795,555
1795,939
1796,194
1796,555
1796,939
1797,194
1797,555
1797,939
1798,194
1798,555
1798,939
1799,195
1799,556
1799,939
1800,21
1800,194
1800,557
1800,940
1801,21
1801,195
1801,556
1801,562
1801,939
1802,22
1802,195
1802,563
1802,939
1803,22
1803,196
1803,562
1803,939
1804,22
1804,197
1804,564
1804,939
1805,22
1805,197
1805,568
1806,21
1806,197
1806,568
1807,20
1807,198
1807,569
1808,19
1808,200
1808,570
1809,18
1809,199
1809,570
1810,17
1810,570
1811,571
1812,571
1813,571
1813,941
1814,367
1814,571
1814,740
1814,942
1815,369
1815,573
1815,740
1815,942
1816,370
1816,574
1816,740
1816,942
1817,371
1817,574
1817,742
1817,943
1818,372
1818,576
1818,742
1818,942
1819,372
1819,742
1819,942
1820,373
1820,391
1820,743
1820,942
1821,373
1821,383
1821,392
1821,742
1821,943
1822,373
1822,391
1822,743
1822,943
1823,374
1823,393
1823,743
1823,944
1824,394
1824,743
1824,943
1825,395
1825,743
1825,943
1826,395
1826,743
1826,943
1827,396
1827,743
1827,944
1828,396
1828,744
1828,944
1829,393
1829,745
1829,944
1830,743
1830,944
1831,744
1831,944
1832,744
1832,944
1834,747
1836,201
1837,199
1838,199
1839,198
1840,197
1840,750
1841,196
1841,750
1842,196
1842,749
1843,176
1843,194
1843,749
1844,178
1844,196
1844,750
1845,175
1845,195
1845,750
1846,16
1846,174
1846,194
1846,578
1846,751
1847,14
1847,174
1847,578
1847,751
1847,922
1848,14
1848,173
1848,578
1848,750
1848,922
1849,13
1849,172
1849,577
1849,751
1849,923
1850,13
1850,172
1850,577
1850,751
1850,924
1851,12
1851,171
1851,556
1851,575
1851,752
1851,925
1852,12
1852,173
1852,556
1852,573
1852,752
1852,925
1853,11
1853,556
1853,575
1853,752
1853,925
1854,11
1854,554
1854,575
1854,752
1854,926
1855,11
1855,553
1855,574
1855,753
1855,927
1856,11
1856,552
1856,753
1856,928
1857,11
1857,551
1857,753
1857,928
1858,10
1858,552
1858,754
1858,928
1859,10
1859,551
1859,929
1860,9
1860,552
1860,929
1861,9
1861,929
1862,8
1862,929
1863,7
1863,929
1864,930
1865,933
1866,371
1867,372
1868,374
1869,375
1869,737
1870,376
1870,736
1871,377
1871,737
1871,939
1872,377
1872,738
1872,940
1873,377
1873,739
1873,941
1874,378
1874,739
1874,941
1875,380
1875,739
1875,941
1876,379
1876,739
1876,941
1877,379
1877,389
1877,395
1877,741
1877,941
1878,395
1878,741
1878,942
1879,397
1879,742
1879,942
1880,397
1880,742
1880,943
1881,397
1881,742
1881,943
1882,398
1882,742
1882,944
1883,399
1883,742
1883,944
1884,400
1884,742
1884,944
1885,170
1885,400
1885,742
1885,946
1886,171
1886,400
1886,744
1886,947
1887,173
1887,401
1887,747
1887,946
1888,174
1888,402
1888,747
1889,175
1889,748
1890,175
1890,748
1891,176
1892,177
1893,177
1893,752
1894,178
1894,753
1895,178
1895,753
1896,178
1896,754
1897,179
1897,754
1898,179
1898,186
1898,754
1899,178
1899,755
1900,187
1900,754
1901,193
1901,755
1902,193
1902,755
1903,193
1903,756
1904,194
1904,757
1904,926
1905,194
1905,757
1905,928
1906,195
1906,550
1906,757
1906,928
1907,195
1907,549
1907,758
1907,929
1908,196
1908,548
1908,574
1908,758
1908,930
1909,196
1909,548
1909,574
1909,759
1909,930
1910,197
1910,549
1910,575
1910,760
1910,931
1911,198
1911,562
1911,760
1911,931
1912,199
1912,549
1912,574
1912,931
1913,200
1913,550
1913,577
1913,932
1914,201
1914,551
1914,576
1914,932
1915,551
1915,576
1915,933
1916,552
1916,575
1916,933
1917,575
1917,933
1918,575
1918,934
1919,933
1922,393
1923,392
1924,391
1925,195
1925,390
1926,389
1926,758
1926,943
1927,388
1927,758
1927,943
1928,370
1928,387
1928,759
1928,943
1929,369
1929,378
1929,388
1929,758
1929,943
1930,368
1930,388
1930,757
1930,944
1931,368
1931,387
1931,758
1931,944
1932,367
1932,758
1932,944
1933,366
1933,758
1933,945
1934,365
1934,757
1934,945
1935,365
1935,757
1935,945
1936,365
1936,757
1936,946
1937,366
1937,757
1937,946
1938,757
1938,947
1939,757
1939,949
1940,576
1940,757
1940,948
1941,575
1941,756
1942,575
1942,757
1943,574
1944,574
1945,574
1946,574
1946,926
1947,573
1947,926
1948,573
1948,927
1949,573
1949,928
1950,573
1950,753
1950,927
1951,573
1951,754
1951,928
1952,573
1952,753
1952,928
1953,572
1953,753
1953,929
1954,572
1954,753
1954,930
1955,572
1955,753
1955,930
1956,572
1956,754
1956,929
1957,573
1957,753
1957,930
1958,571
1958,753
1958,931
1959,752
1959,931
1960,753
1960,931
1961,569
1961,753
1961,931
1962,753
1962,931
1963,752
1963,931
1964,568
1964,752
1964,931
1965,752
1965,932
1966,567
1966,752
1966,935
1967,567
1968,567
1969,567
1970,566
1971,566
1972,566
1973,566
1973,939
1974,566
1974,939
1975,566
1975,939
1976,565
1976,939
1977,565
1977,940
1978,565
1978,940
1979,565
1979,940
1980,565
1980,940
1981,564
1981,940
1982,563
1982,941
1983,563
1983,941
1984,563
1984,941
1985,941
1986,941
1987,942
1988,943
1989,944
1990,944
1991,943
2016,960
2017,958
2018,957
2019,956
2020,955
2021,954
2022,953
2023,953
2024,952
2025,952
2026,949
2027,936
2027,941
2027,951
2028,934
2028,951
2029,935
2030,934
2031,933
2032,932
2033,931
2034,931
2035,931
2036,930
2037,928
2038,929
