2080*1398
26,476
27,478
28,479
29,480
30,481
31,481
32,482
33,482
34,484
35,482
35,499
36,498
37,497
38,498
39,500
40,499
41,500
42,501
43,502
44,503
45,504
46,506
56,325
57,325
58,327
59,327
60,326
61,326
62,325
69,482
69,674
70,483
70,674
71,483
71,673
72,484
72,674
73,485
73,673
74,484
74,673
75,485
75,673
76,486
76,673
77,486
77,673
78,486
78,672
79,486
79,672
80,486
80,672
81,486
81,671
82,487
82,672
83,488
83,671
84,488
84,671
85,670
86,670
87,490
87,670
90,494
91,494
92,493
92,850
93,494
93,853
94,494
94,853
95,495
95,853
96,495
96,856
97,495
98,495
99,495
100,496
101,497
101,865
102,497
102,865
103,498
103,865
104,497
104,865
105,498
105,866
106,498
106,866
107,320
107,866
108,319
108,866
109,321
109,867
110,321
110,868
111,321
111,869
112,321
112,869
113,320
113,682
113,870
114,320
114,683
114,871
115,319
115,683
115,872
116,317
116,683
116,872
117,316
117,683
117,872
118,660
118,682
119,661
119,681
120,660
120,678
121,660
121,670
121,679
122,661
122,679
123,659
124,658
125,658
126,657
127,656
128,652
128,657
128,1033
129,1031
130,1033
131,1033
132,1033
133,1034
134,1035
135,473
135,1036
136,472
136,1036
137,472
137,1037
138,473
138,1038
139,473
139,1039
140,474
140,1038
140,1045
141,475
141,1046
141,1057
142,476
142,1054
143,475
143,1056
144,477
144,494
144,870
144,1057
145,477
145,484
145,494
145,871
145,1058
146,476
146,485
146,494
146,872
146,1059
147,493
147,871
147,1059
148,495
148,871
148,1059
149,495
149,870
149,1060
150,495
150,870
150,1061
151,496
151,845
151,870
151,1062
152,497
152,845
152,869
152,1065
153,499
153,845
153,865
153,1065
154,499
154,848
154,867
155,501
155,847
155,866
156,844
157,843
158,842
159,842
160,842
161,841
161,1243
162,841
162,1247
163,1247
164,1246
165,1246
168,311
169,310
169,1243
170,311
170,654
171,312
171,656
171,1057
172,312
172,656
172,1057
173,312
173,658
173,1056
174,313
174,658
174,1056
174,1242
175,313
175,658
175,1055
175,1242
176,314
176,659
176,1054
176,1242
177,316
177,660
177,1054
177,1242
178,316
178,661
178,1053
178,1242
179,318
179,472
179,662
179,1053
179,1242
180,319
180,473
180,662
180,677
180,1053
180,1242
181,319
181,474
181,670
181,677
181,1053
181,1241
182,475
182,675
182,848
182,1052
182,1241
183,475
183,677
183,849
183,1052
183,1241
184,476
184,677
184,849
184,1052
184,1241
185,477
185,678
185,849
185,1052
185,1241
186,477
186,679
186,849
186,1052
186,1240
187,478
187,679
187,849
187,1051
187,1240
188,478
188,680
188,850
188,1049
188,1239
189,478
189,682
189,850
189,1239
190,479
190,682
190,851
190,1239
191,480
191,851
191,1047
191,1239
192,480
192,851
192,1238
193,484
193,851
193,1046
194,486
194,851
194,1046
195,485
195,851
195,1045
196,313
196,486
196,491
196,851
196,1042
197,312
197,492
197,852
197,1043
198,312
198,492
198,852
198,1042
199,311
199,493
199,851
199,1042
199,1240
200,311
200,493
200,852
200,1042
200,1240
201,311
201,493
201,852
201,1042
201,1241
202,311
202,493
202,1042
202,1242
203,310
203,494
203,1042
203,1242
204,311
204,495
204,1041
204,1242
205,311
205,496
205,854
205,1041
205,1242
206,310
206,497
206,854
206,1041
206,1242
207,310
207,498
207,1040
207,1242
208,310
208,498
208,1040
208,1242
209,310
209,499
209,1038
209,1242
210,310
210,500
210,857
210,1038
210,1242
211,310
211,857
211,1038
211,1242
212,311
212,857
212,1038
212,1243
213,311
213,857
213,1243
214,310
214,858
214,1243
215,857
215,1242
216,858
217,858
218,858
219,858
220,309
220,859
221,690
221,859
222,310
222,690
222,859
223,690
223,859
223,1244
224,308
224,690
224,859
224,1245
225,307
225,690
225,860
225,1246
226,307
226,667
226,690
226,860
226,1246
227,307
227,667
227,689
227,861
227,1245
228,307
228,667
228,687
228,861
228,1245
229,307
229,667
229,678
229,687
229,860
229,1027
229,1246
230,307
230,668
230,685
230,1028
230,1246
231,307
231,666
231,687
231,1027
231,1246
232,307
232,665
232,1029
232,1246
233,307
233,664
233,1029
233,1246
234,307
234,663
234,1030
234,1246
235,306
235,662
235,1030
235,1246
236,307
236,500
236,659
236,665
236,1030
236,1247
237,306
237,498
237,1030
237,1246
238,306
238,498
238,1031
238,1246
239,306
239,497
239,1031
239,1246
240,306
240,497
240,1032
241,306
241,496
241,1033
242,306
242,495
242,1034
243,494
244,494
245,494
245,847
246,494
246,848
247,494
247,848
247,1038
248,493
248,850
248,1040
249,493
249,850
249,1043
250,493
250,850
250,1043
251,492
251,851
251,1043
252,492
252,851
252,1044
253,852
253,1044
254,852
254,1045
255,488
255,853
255,1045
256,488
256,853
256,1045
257,319
257,488
257,853
257,1046
258,317
258,485
258,854
258,1046
259,317
259,483
259,854
259,1047
260,315
260,483
260,855
260,1048
261,314
261,483
261,1048
262,313
262,483
262,1049
263,313
263,482
263,858
263,1049
264,313
264,482
264,858
265,313
265,482
266,312
266,481
266,863
267,311
267,481
267,863
268,311
268,481
268,864
269,311
269,480
269,864
269,1228
270,311
270,479
270,864
270,1228
271,308
271,479
271,864
271,1227
272,478
272,865
272,1227
273,304
273,478
273,866
273,1228
274,304
274,477
274,866
274,1229
275,299
275,476
275,866
275,1231
276,297
276,663
276,667
276,866
276,1231
277,296
277,665
277,867
277,1231
278,296
278,664
278,868
278,1233
278,1250
279,296
279,664
279,869
279,1233
279,1239
279,1249
280,296
280,664
280,869
280,1231
280,1242
280,1250
281,295
281,664
281,688
281,869
281,1248
282,295
282,665
282,688
282,1251
283,294
283,667
283,688
283,1252
284,294
284,667
284,686
284,1058
284,1252
285,293
285,668
285,679
285,690
285,1058
285,1253
286,293
286,666
286,690
286,1056
286,1253
287,291
287,485
287,690
287,1055
287,1254
288,289
288,485
288,691
288,1055
288,1256
289,289
289,487
289,691
289,1055
289,1256
290,487
290,692
290,1054
291,487
291,1053
292,488
292,1052
293,487
293,1051
294,488
294,1036
294,1052
295,488
295,1035
295,1043
295,1051
296,489
296,1036
297,489
297,1035
298,489
298,1034
299,489
299,1034
300,489
300,1033
301,489
301,1032
302,489
302,1032
303,490
303,1031
304,491
304,1030
305,879
305,1028
306,879
306,1026
307,879
308,880
309,493
309,880
310,880
311,854
311,878
312,289
312,854
312,878
313,291
313,496
313,854
313,876
314,291
314,496
314,687
314,856
314,876
315,292
315,496
315,686
315,853
315,864
315,876
316,292
316,496
316,685
316,852
316,876
317,293
317,496
317,685
317,852
318,294
318,496
318,685
318,851
319,295
319,496
319,684
319,850
320,296
320,496
320,684
320,849
321,297
321,316
321,497
321,683
321,850
322,296
322,306
322,316
322,497
322,683
323,296
323,307
323,316
323,497
323,683
324,314
324,498
324,683
325,317
325,498
325,683
326,318
326,498
326,683
327,318
327,499
327,682
328,319
328,499
328,682
329,319
329,499
329,682
329,1257
330,321
330,500
330,1234
330,1258
331,322
331,500
331,1233
331,1257
332,322
332,1233
332,1258
333,322
333,327
333,1232
333,1258
334,1231
334,1245
334,1259
335,1244
336,678
336,1182
336,1230
336,1258
337,498
337,676
337,1180
337,1230
337,1258
338,497
338,675
338,1180
338,1231
338,1257
339,497
339,674
339,1053
339,1233
339,1254
340,496
340,675
340,1029
340,1052
341,495
341,675
341,1029
341,1054
341,1178
342,495
342,675
342,1028
342,1053
342,1177
343,495
343,675
343,1028
343,1054
344,495
344,674
344,1029
344,1053
345,495
345,674
345,1040
346,494
346,673
346,1027
346,1054
347,494
347,673
347,1027
347,1053
348,494
348,673
348,1028
348,1053
349,494
349,672
349,1030
349,1051
350,494
350,672
351,494
351,671
352,493
352,671
353,493
353,671
353,871
354,493
354,870
355,493
355,869
356,492
356,868
357,867
358,867
358,1250
359,490
359,866
359,1250
360,490
360,865
360,1248
361,490
361,864
361,1248
362,490
362,864
362,1247
363,863
363,1247
364,487
364,858
364,864
364,1247
365,486
365,849
365,1246
366,486
366,849
366,856
366,1245
367,294
367,486
367,849
367,1245
368,295
368,486
368,848
368,1245
369,295
369,486
369,848
369,1245
370,297
370,486
370,847
370,1244
371,298
371,486
371,846
371,1243
372,298
372,486
372,846
372,1243
373,299
373,486
373,846
373,1243
374,300
374,485
374,845
374,1243
375,300
375,485
375,843
375,1241
376,300
376,485
376,841
376,1238
377,300
377,484
377,840
377,1237
378,301
378,484
378,1237
379,302
379,483
379,1237
380,302
380,483
380,1237
381,303
381,483
381,1231
381,1236
382,301
382,307
382,483
382,1232
383,308
383,483
383,1231
384,309
384,1231
385,310
385,1231
386,311
386,317
386,1068
386,1230
387,315
387,1066
387,1230
388,316
388,1065
388,1230
389,317
389,1064
389,1230
390,317
390,1062
390,1230
391,317
391,1061
391,1229
392,318
392,1061
392,1228
393,318
393,1061
393,1227
394,319
394,1060
394,1227
395,319
395,1060
395,1227
396,321
396,1059
396,1226
397,321
397,1059
397,1225
398,322
398,1057
398,1223
399,323
399,1051
399,1058
400,324
400,1041
400,1049
401,325
401,1043
402,1042
403,1041
404,499
404,1040
405,499
405,1039
406,476
406,500
406,1038
407,474
407,501
407,1038
408,474
408,500
408,1038
409,474
409,485
409,499
409,1037
410,486
410,1036
411,473
411,487
411,499
411,876
411,1034
412,473
412,498
412,876
412,1033
413,473
413,497
413,874
413,1032
414,474
414,873
415,473
415,873
416,873
417,872
418,871
419,870
420,870
421,870
422,870
422,1249
423,293
423,870
423,1248
424,293
424,869
424,1247
425,294
425,869
425,1247
426,296
426,1246
427,296
427,1246
428,297
428,864
428,1245
429,298
429,864
429,1244
430,298
430,1244
431,298
431,858
431,1244
432,299
432,858
432,1244
433,300
433,695
433,858
433,1244
434,300
434,693
434,858
434,1243
435,300
435,693
435,857
435,1243
436,302
436,691
436,857
436,1242
437,302
437,307
437,690
437,857
437,1242
438,309
438,689
438,856
439,309
439,317
439,689
439,856
440,316
440,689
440,855
440,1237
441,316
441,689
441,854
441,1060
441,1237
442,318
442,688
442,853
442,1059
442,1237
443,318
443,687
443,853
443,1058
443,1235
444,319
444,687
444,852
444,1058
444,1233
445,319
445,686
445,852
445,1057
445,1233
446,319
446,1056
446,1233
447,320
447,671
447,679
447,1055
447,1233
448,321
448,673
448,1055
448,1233
449,322
449,672
449,1055
449,1233
450,323
450,496
450,671
450,1055
450,1232
451,324
451,495
451,672
451,1053
451,1231
452,325
452,495
452,671
452,1039
452,1047
452,1231
453,326
453,495
453,671
453,1038
453,1046
453,1231
454,494
454,669
454,1039
454,1230
455,493
455,669
455,1038
455,1230
456,492
456,668
456,1038
456,1228
457,492
457,668
457,1037
457,1227
458,492
458,667
458,1037
458,1227
459,492
459,665
459,1036
460,491
460,664
460,1036
461,491
461,662
461,1035
462,309
462,491
462,1033
463,309
463,491
463,1032
464,310
464,490
464,1030
465,309
465,490
466,309
467,309
468,308
469,308
470,308
471,308
471,482
471,848
472,308
472,482
472,848
473,308
473,482
473,849
474,307
474,482
474,850
475,307
475,482
475,850
476,307
476,481
476,851
477,307
477,481
477,851
478,307
478,481
478,852
479,306
479,481
479,853
480,307
480,480
480,854
481,480
481,855
482,479
482,854
482,862
482,873
483,478
483,854
483,863
483,873
484,478
484,871
485,305
485,478
485,688
485,873
486,306
486,477
486,687
486,875
487,686
487,875
488,686
488,875
489,305
489,686
489,876
490,303
490,684
490,877
491,303
491,683
491,878
491,1028
492,303
492,684
492,879
492,1029
493,303
493,666
493,683
493,880
493,1031
494,303
494,665
494,675
494,682
494,881
494,1031
495,303
495,667
495,681
495,1032
496,302
496,665
496,1033
497,302
497,664
497,1033
498,303
498,663
498,1033
499,303
499,662
499,1034
500,303
500,662
500,1035
501,302
501,661
501,1035
502,302
502,660
502,1036
503,302
503,659
503,1035
503,1041
504,302
504,1042
505,302
505,1043
505,1050
506,301
506,1049
507,301
507,1050
508,301
508,1052
509,1052
510,866
510,1052
511,865
511,1052
512,864
512,1053
513,864
513,1053
514,864
514,1054
515,864
515,1055
516,862
516,1057
517,862
517,1057
518,862
518,1059
519,862
520,862
521,861
522,860
523,860
524,860
525,861
526,860
527,860
528,859
531,856
532,855
535,658
536,286
536,660
536,852
537,287
537,661
537,851
538,287
538,663
538,850
539,287
539,664
539,851
540,288
540,664
540,850
541,287
541,312
541,665
541,851
542,288
542,310
542,666
542,851
543,292
543,311
543,666
543,850
544,293
544,312
544,667
544,850
545,290
545,310
545,668
545,849
546,292
546,313
546,668
546,849
547,314
547,668
547,849
548,314
548,670
548,849
549,315
549,669
549,848
550,315
550,847
551,315
551,677
551,685
551,847
552,314
552,681
552,846
553,684
553,846
554,685
554,845
554,1053
554,1058
555,685
555,1054
556,686
556,1053
557,686
557,1053
558,687
558,1052
559,687
559,1052
560,687
560,1051
561,689
561,1050
562,690
562,1030
562,1049
563,691
563,1030
563,1047
564,692
564,1031
564,1040
564,1048
565,693
565,1032
566,693
566,1029
567,1028
568,873
568,1028
569,871
569,1028
570,872
570,1026
571,871
571,1025
572,871
572,1025
573,871
573,1023
574,870
574,1020
575,870
576,869
577,869
578,869
579,869
580,868
581,868
582,316
582,868
583,313
583,868
584,312
584,868
585,312
585,868
586,311
586,685
587,311
587,684
588,310
588,684
589,309
589,683
589,864
590,309
590,684
591,308
591,683
592,308
592,683
592,863
593,302
593,682
593,861
594,293
594,301
594,682
594,861
595,295
595,682
595,861
596,294
596,682
596,860
596,1251
597,293
597,682
597,860
597,1252
598,293
598,681
598,860
598,1229
598,1252
599,292
599,682
599,860
599,1227
599,1254
600,292
600,682
600,860
600,1226
600,1254
601,291
601,682
601,860
601,1226
601,1253
602,290
602,682
602,859
602,1240
603,289
603,681
603,859
603,1228
603,1251
604,288
604,682
604,858
604,1224
604,1252
605,286
605,858
605,1225
605,1252
606,858
606,1225
606,1251
607,858
607,1226
608,680
608,857
608,1225
609,679
609,857
610,679
610,856
611,679
611,1060
612,1057
613,678
613,1055
614,678
614,1055
615,677
615,1054
616,677
616,1054
617,677
617,1053
618,677
618,1052
619,677
619,876
619,1051
620,677
620,875
620,1051
621,676
621,874
621,1049
622,483
622,677
622,873
622,1034
622,1043
622,1051
623,317
623,481
623,677
623,873
623,1033
623,1042
624,316
624,481
624,677
624,873
624,1034
625,316
625,482
625,676
625,872
625,1033
626,315
626,482
626,676
626,872
626,1033
627,315
627,482
627,675
627,871
627,1032
628,315
628,484
628,675
628,871
628,1031
629,314
629,485
629,503
629,675
629,871
629,1030
629,1235
630,313
630,487
630,503
630,675
630,871
630,1030
630,1235
631,313
631,486
631,494
631,503
631,675
631,870
631,1029
631,1236
632,313
632,486
632,503
632,869
632,1028
632,1236
633,313
633,505
633,869
633,1026
633,1236
634,312
634,505
634,869
634,1237
635,312
635,505
635,1236
636,312
636,506
636,1237
637,311
637,507
637,864
637,1237
638,312
638,508
638,864
638,1237
639,312
639,509
639,864
639,1238
640,312
640,863
640,1238
641,860
641,1237
642,860
642,1237
643,308
643,859
643,1237
644,308
644,860
644,1238
645,859
645,1238
646,859
646,1238
647,668
647,859
647,1238
648,303
648,668
648,859
648,1035
648,1238
649,303
649,668
649,858
649,1036
650,304
650,669
650,858
650,1037
651,303
651,670
651,857
651,1037
652,302
652,671
652,857
652,1037
652,1239
653,302
653,672
653,856
653,1037
653,1238
654,302
654,672
654,855
654,1037
655,302
655,672
655,855
655,1038
656,302
656,672
656,854
656,1038
657,301
657,673
657,1038
657,1240
658,301
658,673
658,1038
658,1241
659,300
659,488
659,674
659,1038
659,1241
660,300
660,489
660,674
660,1038
660,1241
661,300
661,489
661,674
661,1039
661,1241
662,299
662,489
662,675
662,1039
662,1241
663,298
663,489
663,1038
663,1241
664,298
664,489
664,678
664,1038
664,1242
665,489
665,679
665,1038
665,1241
666,490
666,680
666,1241
667,490
667,681
667,1242
668,490
668,684
668,1242
669,490
669,684
669,1242
670,490
670,685
670,1242
671,491
671,685
671,1242
672,491
672,686
672,1242
673,491
673,686
673,1040
673,1243
674,490
674,686
674,1043
674,1243
675,490
675,687
675,1042
675,1243
676,491
676,687
676,1042
676,1242
677,687
677,1042
678,688
678,1043
679,688
679,1043
679,1249
680,493
680,689
680,1043
680,1249
681,493
681,690
681,1043
681,1248
682,494
682,690
682,1043
682,1247
683,494
683,691
683,1043
683,1247
684,495
684,1044
684,1247
685,495
685,1044
685,1247
686,495
686,1044
686,1246
687,495
687,1044
687,1246
688,496
688,1043
688,1245
689,299
689,496
689,1044
689,1245
690,298
690,496
690,685
690,1044
690,1245
691,299
691,496
691,684
691,1045
691,1245
692,300
692,495
692,683
692,1045
692,1245
693,301
693,496
693,682
693,1244
694,301
694,496
694,682
694,1244
695,302
695,497
695,681
695,1244
696,303
696,497
696,680
696,1243
697,304
697,497
697,680
698,304
698,497
698,679
699,305
699,497
699,679
699,1053
700,304
700,498
700,679
700,1052
701,313
701,319
701,498
701,678
701,1052
702,318
702,499
702,678
702,1052
703,320
703,678
703,1051
703,1238
704,320
704,677
704,1051
704,1236
705,320
705,675
705,1050
705,1236
706,321
706,673
706,1050
706,1236
707,321
707,1050
707,1236
708,322
708,671
708,1050
708,1236
709,323
709,1050
709,1236
710,325
710,667
710,1049
710,1235
711,326
711,666
711,1049
711,1235
712,665
712,1049
712,1235
713,665
713,1049
713,1235
714,665
714,1049
714,1235
715,665
715,1049
715,1234
716,665
716,1048
716,1233
717,664
717,1233
718,474
718,663
718,1232
719,475
719,663
719,1232
720,475
720,662
720,1045
720,1232
721,477
721,662
721,1045
721,1231
722,477
722,660
723,478
723,659
724,479
724,659
724,1041
725,479
725,1042
726,480
726,1041
727,481
727,1041
728,481
728,1040
729,481
729,1040
730,482
730,489
730,1040
731,490
731,498
731,1040
732,497
732,1040
733,498
733,1039
734,498
734,1039
735,499
735,1039
736,299
736,500
736,1038
736,1259
737,298
737,500
737,1038
737,1259
738,299
738,500
738,1037
738,1259
739,299
739,501
739,1037
739,1258
740,299
740,502
740,1036
740,1257
741,299
741,504
741,1036
741,1256
742,299
742,506
742,1256
743,298
743,505
743,1256
744,299
744,1256
745,299
745,1256
746,299
746,1255
747,300
747,1254
748,300
748,1254
749,299
749,1254
750,300
750,1254
751,300
751,662
751,1254
752,300
752,664
752,1252
753,300
753,666
753,1251
754,300
754,667
755,301
755,668
755,1027
756,669
756,1028
756,1248
757,670
757,1029
757,1247
758,670
758,1030
759,670
759,1031
759,1244
760,302
760,671
760,1031
760,1243
761,302
761,672
761,1032
761,1244
762,673
762,1033
762,1243
763,674
763,1033
763,1242
764,304
764,671
764,1034
764,1242
765,303
765,680
765,688
765,1034
765,1242
766,303
766,686
766,1035
766,1242
767,302
767,688
767,1035
767,1241
768,303
768,689
768,1035
768,1241
769,303
769,690
769,1035
769,1241
770,303
770,690
770,1034
770,1240
771,303
771,690
771,1036
771,1240
772,303
772,691
772,1240
773,303
773,692
773,1040
773,1239
774,304
774,692
774,1237
775,304
775,694
775,1237
776,304
776,695
776,1236
777,304
777,695
777,1236
778,304
778,697
778,1047
779,304
779,1047
780,304
780,483
780,1047
781,305
781,483
781,1047
782,305
782,484
782,1048
783,305
783,483
783,1048
784,485
784,506
784,1049
785,485
785,506
785,1049
786,489
786,507
786,1049
787,486
787,505
787,1050
788,487
788,508
788,1051
789,508
789,1051
790,509
790,1052
791,294
791,509
791,1052
792,294
792,510
792,1053
793,295
793,507
793,511
793,1054
794,297
794,1054
795,297
795,877
796,297
796,876
797,298
797,876
798,299
798,875
799,299
799,875
800,300
800,679
800,874
801,300
801,679
801,853
801,873
802,300
802,679
802,850
802,872
803,301
803,680
803,850
803,871
804,301
804,679
804,853
804,872
805,303
805,679
805,850
805,870
806,679
806,849
807,679
807,849
807,1039
808,309
808,679
808,847
808,1039
809,309
809,679
809,847
809,1040
810,314
810,679
810,846
810,1040
811,315
811,679
811,846
811,1041
812,315
812,679
812,1041
813,315
813,679
813,1042
814,315
814,680
814,1042
815,316
815,679
815,1042
816,316
816,679
816,1043
817,317
817,1043
818,318
818,1044
819,318
819,1043
820,318
820,1043
821,320
821,1043
822,321
822,1043
823,322
823,1044
824,323
824,491
824,1044
825,491
825,679
825,1044
826,492
826,679
826,1044
827,491
827,680
828,491
828,680
829,491
829,679
829,1047
830,491
830,679
830,1047
831,491
831,680
831,1047
832,491
832,680
833,491
833,679
834,490
834,679
834,861
834,1050
835,490
835,679
835,861
835,1050
836,490
836,679
836,861
836,1050
837,490
837,679
837,862
837,1050
838,491
838,680
838,862
838,1050
839,491
839,679
839,862
839,1051
840,491
840,679
840,862
840,1051
840,1246
841,490
841,679
841,863
841,1051
841,1246
842,863
842,1052
842,1246
843,317
843,864
843,1052
843,1246
844,317
844,863
844,1051
844,1246
845,317
845,491
845,863
845,1052
845,1247
846,316
846,490
846,863
846,1052
846,1247
847,316
847,864
847,1053
847,1247
848,315
848,864
848,1053
848,1248
849,315
849,490
849,864
849,1053
849,1247
850,315
850,490
850,863
850,1053
850,1247
851,315
851,489
851,864
851,1054
851,1247
852,315
852,489
852,864
852,1054
852,1247
853,314
853,489
853,1054
853,1247
854,314
854,489
854,1247
855,314
855,490
855,1247
856,314
856,490
856,1247
857,314
857,489
857,697
857,1247
858,314
858,489
858,695
858,1248
859,489
859,693
859,1248
860,489
860,692
860,867
861,490
861,692
861,868
862,312
862,489
862,691
862,867
863,313
863,489
863,690
863,868
864,489
864,689
864,868
865,489
865,689
865,868
866,309
866,489
866,689
866,868
867,309
867,689
867,868
867,1060
868,310
868,688
868,868
868,1059
868,1248
869,309
869,688
869,868
869,1059
869,1248
870,309
870,686
870,868
870,1058
870,1249
871,309
871,682
871,869
871,1058
871,1249
872,309
872,681
872,870
872,1057
872,1249
873,309
873,680
873,869
873,1056
873,1249
874,308
874,673
874,869
874,1056
874,1249
875,308
875,673
875,869
875,1056
875,1249
876,308
876,673
876,870
876,1055
876,1249
877,307
877,673
877,870
877,1055
877,1250
878,307
878,673
878,1055
878,1249
879,307
879,672
879,1054
879,1249
880,307
880,671
880,1054
880,1249
881,307
881,671
881,1054
881,1250
882,670
882,1054
882,1250
883,670
883,1051
883,1249
884,669
884,1249
885,667
885,1048
885,1249
886,667
886,1250
887,482
887,665
887,1250
888,482
888,664
889,482
889,1042
890,483
890,1042
891,483
891,1042
892,484
892,1042
893,307
893,485
893,503
893,1042
894,307
894,487
894,504
894,1041
895,307
895,486
895,503
895,1041
896,307
896,486
896,504
896,1040
897,307
897,506
897,1040
898,307
898,507
898,1040
899,306
899,507
899,1039
900,306
900,508
900,1038
901,306
901,508
901,1038
902,305
902,508
902,856
902,1037
903,305
903,853
903,1036
904,305
904,852
904,877
904,1035
905,305
905,852
905,879
906,305
906,852
906,879
907,305
907,852
907,880
908,305
908,855
908,880
908,1227
909,305
909,852
909,877
909,1228
910,304
910,854
910,881
910,1229
911,305
911,853
911,881
911,1230
912,305
912,854
912,881
912,1231
913,853
913,881
913,1231
914,879
914,1232
915,1232
916,303
916,1232
917,304
917,1232
918,1233
919,1233
920,661
920,1234
921,301
921,659
921,1234
922,300
922,659
922,685
923,300
923,659
923,685
923,1238
924,300
924,659
924,686
925,300
925,660
925,687
925,1240
926,300
926,673
926,1245
927,300
927,661
927,673
927,687
927,1244
928,300
928,661
928,688
928,1245
929,300
929,662
929,688
929,1245
930,300
930,662
930,688
930,1245
931,300
931,688
931,1246
932,300
932,684
932,689
932,1247
933,299
933,1053
933,1247
934,299
934,1054
934,1247
935,299
935,1030
935,1054
935,1248
936,299
936,1030
936,1055
936,1248
937,299
937,1030
937,1054
937,1249
938,298
938,1030
938,1051
938,1250
939,298
939,1031
939,1054
939,1250
940,298
940,1027
940,1053
940,1252
941,478
941,501
941,1028
941,1052
942,476
942,500
942,1028
942,1051
943,476
943,502
943,1028
943,1051
944,475
944,501
944,1031
945,476
945,502
946,489
947,476
947,500
948,476
948,502
949,475
949,502
950,476
950,501
951,477
951,500
952,849
953,848
953,869
954,847
954,869
955,847
955,869
955,1231
956,846
956,857
956,870
956,1231
957,858
957,1233
958,847
958,860
958,871
958,1233
959,847
959,870
959,1234
960,848
960,871
960,1235
961,321
961,849
961,869
961,1236
962,321
962,1237
963,320
963,1237
964,319
964,1237
965,319
965,689
965,1238
966,299
966,318
966,689
966,1238
967,298
967,316
967,687
967,1239
968,307
968,687
968,1239
969,297
969,316
969,687
969,1239
970,296
970,317
970,686
970,1240
971,296
971,686
971,1239
972,295
972,685
972,1245
973,295
973,685
973,1246
974,294
974,685
974,1247
975,294
975,684
975,1253
976,684
976,1253
977,684
977,1253
978,684
978,1253
979,684
979,1253
980,684
980,1253
981,684
981,1253
982,684
982,1252
983,1253
984,1253
985,1253
986,680
986,1039
986,1254
987,1036
987,1255
988,1036
988,1254
989,1036
990,677
990,1037
991,677
991,1037
991,1061
992,677
992,1038
992,1060
993,677
993,1041
993,1061
994,676
994,1042
994,1060
995,676
995,858
995,1039
995,1060
996,514
996,676
996,858
996,1040
996,1062
997,513
997,676
997,858
997,1063
998,511
998,676
998,859
998,1064
999,510
999,676
999,859
999,1064
1000,509
1000,675
1000,859
1000,1065
1001,509
1001,674
1001,859
1001,1062
1002,509
1002,674
1002,859
1003,508
1003,674
1003,860
1004,507
1004,674
1004,861
1005,506
1005,673
1005,860
1006,505
1006,672
1006,860
1007,504
1007,672
1007,860
1008,487
1008,496
1008,506
1008,860
1009,488
1009,861
1010,487
1010,861
1010,1235
1011,486
1011,860
1011,1236
1012,485
1012,1237
1013,484
1013,1238
1014,484
1014,1239
1015,483
1015,1239
1016,483
1016,1239
1017,481
1017,1240
1018,481
1018,1241
1019,478
1019,863
1019,1241
1020,864
1020,1242
1021,315
1021,864
1021,1242
1022,293
1022,316
1022,865
1022,1242
1023,293
1023,316
1023,864
1023,1242
1024,292
1024,318
1024,864
1024,1242
1025,291
1025,317
1025,690
1025,865
1025,1245
1026,304
1026,688
1026,865
1027,291
1027,316
1027,688
1027,865
1027,1247
1028,291
1028,316
1028,686
1028,865
1028,1247
1029,290
1029,315
1029,686
1029,864
1030,291
1030,315
1030,685
1030,865
1031,292
1031,313
1031,684
1031,865
1032,684
1032,866
1033,683
1033,866
1034,683
1034,866
1034,1035
1035,682
1035,866
1035,1037
1036,476
1036,681
1036,866
1036,1037
1037,479
1037,681
1037,1038
1038,479
1038,1039
1039,480
1039,675
1039,1040
1040,482
1040,670
1040,1040
1041,482
1041,668
1041,1041
1042,482
1042,668
1042,1042
1043,483
1043,668
1043,1042
1044,483
1044,667
1044,1042
1045,484
1045,666
1045,1042
1046,485
1046,666
1046,1042
1047,485
1047,665
1047,848
1047,1043
1048,485
1048,665
1048,848
1048,1044
1049,485
1049,664
1049,850
1049,1043
1050,487
1050,664
1050,850
1050,1048
1051,492
1051,663
1051,851
1052,494
1052,660
1052,853
1052,1049
1053,493
1053,854
1053,1056
1054,498
1054,855
1054,1054
1055,499
1055,855
1055,1056
1056,500
1056,855
1056,1056
1057,500
1057,855
1057,1056
1058,501
1058,856
1058,1057
1059,501
1059,856
1059,1057
1060,501
1060,857
1060,1057
1061,501
1061,857
1061,1058
1062,502
1062,857
1062,863
1062,1058
1062,1236
1063,503
1063,863
1063,1059
1063,1237
1064,319
1064,504
1064,865
1064,1059
1064,1238
1065,318
1065,504
1065,871
1065,1061
1065,1238
1066,316
1066,505
1066,691
1066,871
1066,1061
1066,1238
1067,315
1067,507
1067,690
1067,872
1067,1062
1067,1238
1068,314
1068,507
1068,689
1068,872
1068,1064
1068,1238
1069,314
1069,689
1069,872
1069,1063
1069,1238
1070,314
1070,689
1070,872
1070,1238
1071,313
1071,688
1071,873
1071,1238
1072,312
1072,687
1072,874
1072,1238
1073,310
1073,687
1073,874
1073,1238
1074,294
1074,309
1074,686
1074,875
1074,1238
1075,296
1075,304
1075,310
1075,686
1075,876
1075,1238
1076,296
1076,686
1076,877
1076,1238
1077,294
1077,685
1077,877
1077,1239
1078,293
1078,685
1078,879
1079,293
1079,685
1079,879
1080,293
1080,685
1081,293
1081,685
1082,291
1082,683
1083,290
1083,1043
1084,289
1084,1044
1085,286
1085,290
1085,680
1085,1044
1086,680
1086,1045
1087,1045
1088,1046
1089,676
1089,1046
1090,676
1090,1046
1091,675
1091,1047
1092,675
1092,1047
1093,675
1093,1047
1094,674
1094,1048
1095,675
1095,1048
1096,674
1096,1048
1097,674
1097,1048
1098,674
1098,1048
1099,673
1099,847
1099,1048
1100,672
1100,848
1100,1049
1101,504
1101,672
1101,848
1101,1050
1102,502
1102,672
1102,849
1103,140
1103,502
1103,671
1103,850
1103,1051
1104,140
1104,500
1104,669
1104,851
1104,1051
1105,141
1105,499
1105,669
1105,851
1106,141
1106,499
1106,852
1107,141
1107,498
1107,852
1108,142
1108,497
1108,853
1108,1055
1109,142
1109,497
1109,853
1109,1055
1110,141
1110,497
1110,853
1110,1055
1111,141
1111,496
1111,854
1111,1055
1112,489
1112,496
1112,854
1112,1056
1113,480
1113,488
1113,855
1113,1056
1114,481
1114,854
1114,1056
1115,480
1115,853
1115,857
1115,1056
1116,479
1116,859
1116,1056
1117,478
1117,860
1117,1057
1118,478
1118,860
1118,1057
1119,478
1119,1058
1120,477
1120,862
1120,866
1120,1058
1121,476
1121,866
1121,1058
1122,328
1122,475
1122,867
1122,1058
1123,327
1123,474
1123,867
1123,1059
1124,326
1124,472
1124,867
1124,1059
1125,325
1125,677
1125,868
1125,1060
1126,324
1126,677
1126,867
1127,324
1127,677
1127,867
1128,324
1128,677
1128,868
1129,323
1129,677
1129,869
1130,322
1130,677
1130,870
1131,320
1131,677
1131,870
1132,304
1132,318
1132,677
1132,871
1133,303
1133,312
1133,321
1133,677
1133,871
1134,304
1134,320
1134,677
1134,872
1135,302
1135,677
1135,874
1136,301
1136,677
1136,874
1137,300
1137,677
1138,300
1138,676
1139,300
1139,676
1140,299
1140,677
1141,298
1141,677
1142,138
1142,297
1142,677
1143,138
1143,296
1144,138
1144,292
1144,297
1144,1035
1144,1057
1145,138
1145,1034
1145,1056
1146,137
1146,1033
1146,1058
1147,137
1147,676
1147,1032
1147,1059
1148,137
1148,1045
1149,136
1149,512
1149,1033
1149,1056
1150,134
1150,509
1150,1034
1150,1059
1151,133
1151,508
1151,676
1151,1033
1151,1058
1152,133
1152,507
1152,676
1152,1035
1152,1058
1153,506
1153,676
1153,1035
1153,1058
1154,505
1154,677
1154,1056
1155,505
1155,677
1156,504
1156,676
1157,309
1157,487
1157,504
1157,676
1158,309
1158,486
1158,495
1158,504
1158,677
1158,856
1159,309
1159,487
1159,503
1159,677
1159,857
1160,310
1160,486
1160,502
1160,677
1160,857
1161,310
1161,485
1161,677
1161,857
1162,310
1162,484
1162,676
1162,858
1163,310
1163,483
1163,677
1163,859
1164,310
1164,483
1164,677
1164,859
1165,310
1165,482
1165,677
1165,860
1166,310
1166,481
1166,677
1166,860
1167,310
1167,481
1167,677
1167,860
1168,311
1168,676
1168,861
1169,311
1169,861
1170,311
1170,862
1171,311
1171,862
1172,311
1172,862
1173,311
1173,862
1174,312
1174,862
1175,312
1175,862
1176,311
1176,862
1177,311
1177,864
1178,865
1180,866
1181,315
1184,871
1185,869
1186,314
1186,870
1187,315
1187,871
1188,314
1188,871
1189,315
1189,871
1190,315
1190,871
1191,314
1191,871
1192,315
1192,872
1193,315
1193,872
1194,314
1194,872
1195,140
1195,315
1195,872
1196,138
1196,315
1196,873
1197,137
1197,315
1197,873
1198,137
1198,316
1198,873
1198,1057
1199,136
1199,316
1199,874
1199,1056
1200,135
1200,316
1200,875
1200,1056
1201,134
1201,316
1201,875
1201,1056
1202,133
1202,316
1202,478
1202,876
1202,1055
1203,132
1203,316
1203,479
1203,1034
1203,1054
1204,131
1204,317
1204,481
1204,1033
1204,1051
1205,126
1205,133
1205,316
1205,481
1205,1042
1206,122
1206,483
1206,1032
1206,1053
1207,484
1207,1031
1207,1052
1208,484
1208,1030
1209,484
1209,1030
1210,485
1210,1030
1211,486
1211,1030
1212,486
1212,1028
1213,487
1214,486
1214,492
1215,486
1215,493
1216,494
1217,500
1217,880
1218,501
1218,880
1219,502
1219,878
1220,502
1220,877
1221,502
1221,876
1222,502
1222,875
1223,503
1223,875
1224,504
1224,874
1225,504
1225,874
1226,506
1226,873
1227,507
1227,873
1228,507
1228,873
1229,509
1229,872
1230,871
1231,865
1232,864
1233,861
1234,859
1235,858
1236,858
1237,131
1237,668
1237,857
1238,131
1238,669
1238,857
1239,131
1239,670
1239,857
1240,131
1240,672
1240,856
1241,130
1241,672
1241,855
1242,130
1242,673
1242,854
1243,130
1243,673
1243,854
1244,129
1244,674
1244,853
1245,129
1245,674
1245,851
1246,129
1246,675
1247,129
1247,676
1248,129
1248,676
1249,129
1249,677
1250,129
1250,675
1251,129
1251,502
1251,683
1252,128
1252,501
1252,684
1253,128
1253,500
1253,690
1254,500
1254,691
1255,499
1255,691
1256,129
1256,497
1256,691
1257,129
1257,497
1257,692
1258,496
1258,692
1259,496
1259,693
1260,496
1260,694
1261,496
1261,694
1262,125
1262,495
1262,694
1263,124
1263,495
1263,696
1264,124
1264,495
1264,698
1265,124
1265,493
1265,698
1266,124
1266,491
1267,124
1268,124
1269,123
1270,123
1270,485
1271,123
1271,484
1272,123
1272,484
1273,123
1273,484
1274,123
1274,483
1275,122
1275,301
1275,483
1275,875
1276,122
1276,302
1276,483
1276,875
1277,122
1277,303
1277,482
1277,850
1277,876
1278,303
1278,482
1278,849
1278,876
1279,303
1279,481
1279,849
1279,876
1280,303
1280,481
1280,848
1280,863
1280,876
1281,303
1281,480
1281,861
1282,303
1282,479
1282,847
1282,874
1283,304
1283,478
1283,846
1283,873
1284,304
1284,846
1284,873
1285,304
1285,846
1285,872
1286,305
1286,696
1286,848
1287,305
1287,694
1287,846
1288,305
1288,694
1289,305
1289,692
1290,305
1290,690
1291,690
1292,690
1293,689
1294,310
1294,689
1295,688
1296,687
1297,687
1298,311
1298,687
1299,311
1299,687
1300,312
1300,685
1301,312
1301,679
1301,686
1302,311
1302,678
1303,144
1303,311
1304,141
1304,312
1304,673
1305,142
1305,312
1305,671
1306,140
1306,313
1306,670
1307,140
1307,313
1307,670
1307,1062
1307,1067
1308,139
1308,313
1308,670
1308,1063
1309,139
1309,313
1309,670
1309,1063
1310,120
1310,136
1310,314
1310,669
1310,1062
1311,120
1311,129
1311,137
1311,314
1311,474
1311,668
1311,1062
1312,121
1312,137
1312,315
1312,475
1312,668
1312,1060
1313,119
1313,316
1313,476
1313,667
1313,1060
1314,119
1314,316
1314,476
1314,667
1314,1039
1314,1059
1315,118
1315,478
1315,666
1315,1037
1315,1058
1316,117
1316,479
1316,665
1316,1039
1316,1047
1316,1059
1317,117
1317,480
1317,663
1317,1042
1317,1058
1318,116
1318,480
1318,662
1318,1040
1318,1058
1319,117
1319,480
1319,1041
1320,481
1320,1040
1321,482
1321,1027
1321,1038
1322,482
1322,1028
1322,1038
1323,482
1323,1029
1323,1039
1324,482
1324,848
1324,1033
1325,483
1325,489
1325,848
1325,1033
1326,490
1326,850
1327,850
1328,318
1328,497
1328,851
1329,318
1329,497
1329,852
1330,317
1330,498
1330,853
1331,318
1331,498
1331,854
1332,316
1332,499
1332,854
1333,316
1333,499
1333,854
1334,316
1334,500
1334,854
1335,316
1335,501
1335,855
1336,316
1336,501
1336,855
1337,315
1337,501
1337,857
1338,315
1338,502
1338,855
1339,315
1339,503
1339,862
1340,315
1340,504
1340,862
1341,315
1341,507
1341,867
1342,316
1342,507
1342,868
1343,315
1343,869
1344,315
1344,869
1345,315
1345,869
1346,315
1346,870
1347,870
1348,315
1348,870
1349,314
1349,871
1350,670
1350,872
1351,133
1351,669
1351,873
1352,132
1352,668
1352,874
1353,131
1353,669
1353,693
1353,874
1354,130
1354,669
1354,692
1355,129
1355,312
1355,671
1355,693
1356,129
1356,312
1356,671
1356,683
1356,695
1356,1039
1357,128
1357,312
1357,671
1357,694
1357,1038
1358,128
1358,312
1358,506
1358,671
1358,696
1358,1039
1359,127
1359,312
1359,506
1359,672
1359,696
1359,1040
1360,127
1360,311
1360,505
1360,696
1360,1040
1361,127
1361,311
1361,504
1361,696
1361,1041
1362,126
1362,311
1362,504
1362,695
1362,1041
1363,126
1363,311
1363,504
1363,693
1363,1042
1364,126
1364,312
1364,504
1364,1041
1365,126
1365,311
1365,503
1365,1042
1366,125
1366,310
1366,503
1366,1042
1367,122
1367,311
1367,503
1367,1042
1368,122
1368,310
1368,503
1368,1043
1369,120
1369,310
1369,503
1370,310
1370,503
1371,117
1371,311
1371,502
1372,115
1372,310
1372,502
1373,115
1373,502
1374,115
1374,502
1374,1050
1375,115
1375,1053
1376,114
1376,845
1376,1053
1377,114
1377,499
1377,846
1377,1054
1378,113
1378,847
1378,1054
1379,113
1379,847
1379,1054
1380,113
1380,848
1380,1054
1381,112
1381,849
1381,1055
1382,112
1382,296
1382,496
1382,850
1382,1055
1383,110
1383,298
1383,495
1383,851
1383,1056
1384,109
1384,298
1384,495
1384,851
1384,1057
1385,109
1385,300
1385,495
1385,853
1385,871
1385,1057
1386,301
1386,496
1386,851
1386,870
1386,1057
1387,302
1387,495
1387,852
1387,868
1387,1058
1388,302
1388,495
1388,870
1388,1059
1389,303
1389,495
1389,872
1389,1059
1390,304
1390,495
1390,872
1391,304
1391,495
1391,872
1392,305
1392,494
1392,874
1393,305
1393,494
1393,874
1394,306
1394,493
1394,875
1395,307
1395,493
1395,875
1396,304
1396,314
1396,493
1396,877
1397,314
1397,492
1398,316
1398,322
1398,492
1399,321
1400,143
1400,323
1401,141
1401,323
1402,141
1402,323
1403,139
1403,323
1404,139
1404,324
1405,138
1405,325
1405,488
1406,137
1406,326
1406,488
1407,137
1407,326
1407,488
1408,137
1408,327
1408,489
1409,136
1409,328
1409,489
1410,136
1410,329
1410,489
1411,136
1411,331
1411,489
1412,136
1412,489
1413,136
1413,490
1414,135
1414,490
1415,134
1415,490
1415,1067
1416,133
1416,490
1416,1069
1417,132
1417,490
1418,132
1418,490
1418,1071
1419,490
1419,1032
1420,491
1420,1030
1421,126
1421,491
1421,1030
1422,125
1422,490
1422,1030
1422,1053
1423,125
1423,491
1423,1031
1423,1054
1424,124
1424,491
1424,867
1424,1034
1424,1054
1425,124
1425,868
1425,1032
1425,1052
1426,123
1426,866
1426,1032
1426,1055
1427,123
1427,494
1427,867
1427,1033
1427,1056
1428,123
1428,492
1428,867
1428,1034
1428,1056
1429,123
1429,867
1429,1056
1430,123
1430,867
1430,1056
1431,122
1431,867
1431,1054
1432,121
1432,866
1433,121
1433,495
1433,866
1434,120
1434,494
1434,867
1435,119
1435,495
1435,867
1436,495
1436,867
1437,495
1437,867
1438,495
1438,866
1439,495
1439,867
1440,494
1440,867
1441,495
1441,867
1442,495
1442,867
1442,1077
1443,496
1443,867
1444,496
1445,496
1446,496
1446,866
1447,496
1447,866
1448,496
1449,497
1450,498
1450,694
1450,1048
1451,498
1451,692
1451,1048
1452,691
1452,866
1452,1049
1453,689
1453,866
1453,1048
1454,688
1454,866
1454,1047
1455,688
1455,865
1455,1047
1456,687
1456,866
1456,1048
1457,126
1457,686
1457,866
1457,1048
1458,126
1458,686
1458,866
1458,1048
1459,125
1459,685
1459,866
1459,1047
1460,124
1460,685
1460,866
1460,1047
1461,124
1461,683
1461,865
1461,1047
1462,124
1462,677
1462,684
1462,865
1462,1047
1463,123
1463,668
1463,675
1463,684
1463,865
1463,1047
1464,123
1464,669
1464,866
1464,1047
1465,122
1465,668
1465,866
1465,1047
1466,122
1466,666
1466,865
1466,1047
1467,122
1467,665
1467,865
1467,1046
1468,122
1468,482
1468,665
1468,865
1469,122
1469,483
1469,664
1469,865
1470,122
1470,483
1470,664
1471,121
1471,484
1471,663
1471,1045
1472,121
1472,484
1472,662
1473,122
1473,485
1473,661
1474,485
1474,661
1475,485
1475,659
1476,121
1476,486
1476,1044
1477,119
1477,487
1477,1045
1478,488
1478,1045
1479,308
1479,488
1479,1044
1480,308
1480,488
1480,845
1480,1045
1481,116
1481,308
1481,488
1481,845
1481,1045
1482,116
1482,308
1482,488
1482,846
1482,1044
1483,116
1483,308
1483,489
1483,847
1483,1044
1484,115
1484,309
1484,489
1484,848
1484,1044
1485,116
1485,309
1485,489
1485,849
1485,1044
1486,116
1486,309
1486,492
1486,850
1486,1044
1487,115
1487,309
1487,851
1487,1044
1488,115
1488,309
1488,494
1488,851
1488,1043
1489,115
1489,309
1489,494
1489,851
1489,1043
1490,115
1490,310
1490,852
1490,1043
1491,114
1491,310
1491,852
1491,1043
1492,114
1492,310
1492,499
1492,852
1492,1043
1493,113
1493,310
1493,498
1493,859
1494,113
1494,310
1494,499
1494,860
1495,113
1495,310
1495,500
1495,864
1496,113
1496,310
1496,500
1496,865
1497,113
1497,312
1497,500
1497,866
1498,111
1498,500
1498,670
1498,867
1499,500
1499,670
1499,868
1500,314
1500,501
1500,672
1500,868
1501,313
1501,501
1501,672
1501,868
1502,502
1502,673
1502,869
1503,502
1503,673
1503,869
1504,314
1504,502
1504,674
1504,871
1505,314
1505,503
1505,675
1505,872
1506,316
1506,504
1506,676
1506,872
1507,316
1507,504
1507,676
1508,316
1508,505
1508,676
1509,316
1509,506
1509,676
1510,316
1510,506
1510,676
1511,316
1511,677
1512,316
1512,682
1513,140
1513,316
1513,683
1514,138
1514,316
1514,682
1515,137
1515,317
1516,136
1516,317
1516,686
1517,134
1517,317
1517,688
1518,133
1518,317
1518,689
1519,133
1519,318
1519,689
1519,1063
1520,133
1520,318
1520,689
1520,1063
1521,132
1521,319
1521,689
1521,1062
1521,1068
1522,132
1522,319
1522,690
1522,1064
1523,125
1523,132
1523,319
1523,691
1523,1063
1524,116
1524,131
1524,691
1524,1061
1525,116
1525,691
1525,1061
1526,116
1526,692
1526,1061
1527,115
1527,693
1527,1060
1528,114
1528,694
1528,1058
1528,1064
1529,114
1529,695
1529,1058
1529,1063
1530,113
1530,695
1530,1052
1530,1058
1531,113
1531,849
1531,1051
1532,112
1532,850
1532,1046
1533,110
1533,851
1533,1046
1534,108
1534,112
1534,851
1534,1044
1535,851
1535,1044
1536,852
1536,1043
1537,853
1537,1043
1538,853
1538,1042
1539,854
1539,1041
1540,854
1540,1040
1541,854
1541,1040
1541,1066
1542,854
1542,1038
1543,854
1544,855
1545,856
1546,855
1547,856
1548,854
1552,667
1553,666
1554,668
1554,862
1555,669
1555,864
1556,670
1556,865
1557,671
1557,865
1558,672
1558,864
1559,673
1559,864
1560,673
1560,865
1561,673
1561,865
1562,674
1562,866
1563,674
1563,866
1564,674
1564,867
1565,674
1565,867
1566,676
1566,867
1567,675
1567,681
1567,868
1568,682
1568,868
1568,1067
1569,869
1569,1066
1570,870
1570,1065
1571,689
1571,870
1571,1064
1572,690
1572,1063
1573,690
1573,1062
1574,502
1574,691
1574,1061
1575,502
1575,691
1575,1061
1576,502
1576,692
1576,1060
1577,502
1577,692
1577,1059
1578,501
1578,693
1578,1059
1579,500
1579,693
1579,1059
1580,500
1580,694
1580,1059
1581,500
1581,695
1581,853
1581,1058
1582,500
1582,695
1582,853
1582,1056
1583,500
1583,697
1583,854
1583,1052
1583,1058
1584,499
1584,699
1584,855
1584,1051
1585,499
1585,856
1585,1050
1586,499
1586,856
1586,1044
1587,499
1587,856
1587,1043
1588,499
1588,857
1588,1043
1589,498
1589,858
1589,1043
1590,498
1590,858
1590,1043
1591,498
1591,859
1591,1042
1592,497
1592,859
1592,1041
1593,859
1593,1041
1594,496
1594,859
1594,1041
1595,859
1595,1041
1596,859
1596,1039
1597,860
1597,1038
1598,1037
1599,493
1599,864
1599,1037
1600,492
1600,1035
1601,492
1601,1034
1602,492
1603,492
1604,492
1604,868
1605,492
1605,869
1606,491
1606,870
1607,491
1607,870
1608,491
1608,871
1609,490
1609,871
1610,490
1610,871
1611,490
1611,871
1612,489
1612,872
1613,489
1613,872
1614,489
1614,872
1615,488
1615,874
1616,874
1617,874
1618,667
1618,875
1619,665
1619,876
1620,665
1620,877
1621,665
1622,665
1622,1038
1623,666
1623,1039
1624,669
1624,687
1624,1039
1625,113
1625,671
1625,689
1625,1039
1626,115
1626,668
1626,688
1626,1040
1627,116
1627,669
1627,690
1627,1041
1628,117
1628,669
1628,691
1628,1042
1629,118
1629,692
1629,1042
1630,119
1630,693
1630,1043
1631,119
1631,693
1631,1043
1632,120
1632,692
1632,1043
1633,120
1633,692
1633,1044
1634,120
1634,881
1634,1044
1635,121
1635,879
1635,1044
1636,121
1636,879
1636,1044
1637,129
1637,878
1638,129
1638,877
1638,1048
1639,134
1639,877
1640,135
1640,513
1640,876
1640,1049
1641,136
1641,512
1641,875
1642,136
1642,511
1642,874
1642,1055
1643,136
1643,510
1643,874
1643,1054
1644,137
1644,510
1644,874
1644,1054
1645,137
1645,509
1645,873
1645,1055
1646,138
1646,508
1646,873
1646,1055
1647,139
1647,507
1647,872
1647,1055
1648,140
1648,485
1648,505
1648,872
1648,1056
1649,141
1649,486
1649,496
1649,506
1649,872
1649,1057
1650,144
1650,488
1650,506
1650,872
1650,1057
1651,486
1651,506
1651,867
1651,1056
1652,485
1652,505
1652,866
1652,1057
1653,484
1653,865
1653,1058
1654,483
1654,1059
1655,482
1655,1060
1656,482
1656,859
1656,1059
1657,323
1657,481
1657,859
1658,320
1658,480
1658,680
1658,859
1659,319
1659,481
1659,680
1659,859
1660,318
1660,680
1660,859
1661,317
1661,680
1661,858
1662,316
1662,680
1662,857
1663,315
1663,680
1663,857
1664,315
1664,679
1664,857
1665,125
1665,314
1665,679
1665,857
1666,125
1666,311
1666,679
1666,856
1667,124
1667,299
1667,306
1667,313
1667,680
1667,855
1668,124
1668,297
1668,314
1668,679
1668,855
1668,1041
1669,124
1669,298
1669,678
1669,854
1669,1041
1670,124
1670,296
1670,678
1670,853
1670,1042
1671,124
1671,295
1671,678
1671,852
1671,1043
1672,124
1672,295
1672,679
1672,850
1672,1044
1673,123
1673,295
1673,679
1673,1044
1674,123
1674,295
1674,678
1674,1045
1675,123
1675,294
1675,678
1675,1046
1676,123
1676,292
1676,679
1676,1046
1677,123
1677,292
1677,678
1677,1047
1678,122
1678,291
1678,1047
1679,123
1679,1047
1680,123
1680,1048
1681,123
1681,1048
1682,123
1682,1048
1683,123
1683,1048
1684,123
1684,1048
1685,122
1685,1049
1685,1053
1687,124
1687,676
1688,123
1688,676
1689,122
1689,676
1690,676
1690,1057
1691,675
1691,1060
1692,675
1692,1060
1693,675
1693,1061
1694,122
1694,487
1694,675
1694,855
1694,1061
1695,121
1695,487
1695,675
1695,855
1695,1062
1696,121
1696,487
1696,675
1696,855
1696,1062
1697,121
1697,486
1697,508
1697,675
1697,856
1697,1062
1698,121
1698,487
1698,510
1698,675
1698,856
1698,1062
1699,121
1699,490
1699,510
1699,675
1699,858
1699,1063
1700,121
1700,488
1700,510
1700,675
1700,858
1700,1064
1701,120
1701,489
1701,511
1701,675
1701,858
1701,1064
1702,120
1702,488
1702,511
1702,675
1702,858
1702,1065
1703,120
1703,490
1703,511
1703,674
1703,859
1703,1065
1704,120
1704,510
1704,674
1704,859
1704,1066
1705,121
1705,509
1705,674
1705,860
1705,1067
1706,120
1706,861
1706,1067
1707,120
1707,860
1707,1069
1708,120
1708,682
1708,860
1709,120
1709,681
1709,859
1709,863
1710,120
1710,681
1710,865
1711,121
1711,682
1712,120
1712,682
1712,866
1713,120
1713,682
1714,682
1714,871
1715,682
1715,870
1716,682
1716,871
1717,683
1717,871
1718,683
1718,872
1719,301
1719,683
1719,872
1720,299
1720,683
1720,872
1721,298
1721,683
1721,872
1722,298
1722,322
1722,683
1722,870
1722,876
1723,298
1723,324
1723,683
1723,873
1724,299
1724,311
1724,323
1724,683
1724,874
1725,312
1725,683
1725,875
1726,300
1726,324
1726,684
1726,875
1727,300
1727,326
1727,684
1727,875
1728,141
1728,301
1728,326
1728,876
1729,140
1729,300
1729,326
1729,685
1730,138
1730,326
1730,685
1731,137
1731,324
1732,135
1733,135
1734,134
1735,134
1736,133
1736,686
1737,132
1737,687
1738,132
1738,513
1738,687
1739,131
1739,511
1739,686
1740,131
1740,510
1740,686
1741,124
1741,132
1741,509
1741,686
1742,123
1742,508
1742,686
1743,118
1743,508
1743,687
1744,116
1744,507
1744,687
1745,116
1745,506
1745,687
1746,115
1746,505
1746,687
1747,114
1747,505
1747,687
1748,114
1748,504
1748,687
1749,113
1749,503
1749,688
1749,850
1750,113
1750,496
1750,505
1750,688
1750,850
1751,112
1751,486
1751,503
1751,688
1751,852
1752,111
1752,488
1752,688
1752,853
1753,110
1753,487
1753,688
1753,854
1754,109
1754,486
1754,855
1755,108
1755,485
1755,855
1756,484
1756,856
1757,484
1757,857
1758,483
1758,857
1759,483
1759,857
1760,482
1760,857
1761,481
1761,858
1762,480
1762,858
1763,479
1763,864
1764,866
1765,320
1765,867
1765,872
1766,320
1766,871
1767,319
1767,871
1768,318
1768,872
1769,316
1769,873
1770,315
1770,659
1770,874
1771,315
1771,660
1771,874
1772,314
1772,662
1772,874
1773,314
1773,662
1773,874
1774,313
1774,664
1774,875
1775,313
1775,665
1775,876
1776,312
1776,665
1776,878
1777,312
1777,666
1777,878
1778,301
1778,667
1779,299
1779,667
1780,298
1780,668
1781,140
1781,298
1781,668
1782,141
1782,297
1782,669
1783,139
1783,298
1783,669
1784,138
1784,297
1784,670
1785,138
1785,296
1785,668
1785,675
1786,138
1786,295
1787,137
1787,294
1788,136
1788,294
1788,679
1788,685
1789,136
1789,292
1789,683
1790,136
1790,684
1791,135
1791,684
1792,135
1792,685
1793,135
1793,686
1794,134
1794,483
1794,686
1795,135
1795,482
1795,687
1796,135
1796,483
1796,687
1797,485
1797,688
1798,132
1798,486
1798,689
1799,131
1799,486
1799,689
1800,130
1800,487
1800,690
1801,487
1801,692
1802,487
1802,692
1803,127
1803,488
1804,127
1804,489
1805,125
1805,489
1805,885
1806,125
1806,490
1806,884
1807,125
1807,490
1807,883
1808,125
1808,489
1808,494
1808,881
1809,125
1809,496
1809,880
1810,125
1810,496
1810,879
1811,124
1811,879
1812,124
1812,499
1812,878
1813,124
1813,502
1813,878
1814,123
1814,502
1814,877
1815,123
1815,502
1815,876
1816,121
1816,503
1816,876
1817,121
1817,503
1817,876
1818,121
1818,504
1818,876
1819,504
1819,874
1820,505
1820,869
1820,875
1821,505
1822,506
1822,867
1823,506
1823,863
1824,303
1824,507
1824,861
1825,299
1825,509
1825,860
1826,299
1826,510
1826,860
1827,300
1827,860
1828,300
1828,322
1828,859
1829,301
1829,322
1829,858
1830,301
1830,313
1830,324
1830,858
1831,302
1831,324
1831,858
1832,302
1832,325
1832,857
1833,302
1833,325
1833,857
1834,326
1834,856
1835,325
1835,694
1835,699
1835,855
1836,325
1836,484
1836,695
1836,854
1837,323
1837,485
1837,694
1837,852
1838,111
1838,485
1838,693
1839,111
1839,486
1839,692
1840,112
1840,487
1840,692
1841,113
1841,487
1841,672
1841,689
1842,114
1842,488
1842,673
1842,690
1843,114
1843,488
1843,671
1843,690
1844,116
1844,134
1844,488
1844,670
1844,690
1845,115
1845,125
1845,134
1845,488
1845,670
1845,690
1846,115
1846,132
1846,489
1846,668
1847,116
1847,135
1847,490
1847,667
1848,115
1848,136
1848,490
1848,667
1848,1035
1848,1055
1849,137
1849,490
1849,667
1849,1033
1849,1056
1850,138
1850,490
1850,669
1850,1032
1850,1056
1851,139
1851,491
1851,1032
1851,1043
1851,1057
1852,139
1852,491
1852,1033
1852,1054
1853,138
1853,491
1853,1032
1853,1056
1854,138
1854,1034
1854,1056
1855,1034
1855,1056
1856,495
1856,1033
1856,1056
1857,495
1857,850
1857,1034
1857,1053
1857,1057
1858,851
1859,324
1859,852
1860,323
1860,852
1861,324
1861,499
1861,853
1862,323
1862,499
1862,853
1863,322
1863,499
1863,853
1864,321
1864,500
1864,854
1865,321
1865,500
1865,854
1866,322
1866,500
1866,855
1867,321
1867,500
1867,855
1868,320
1868,500
1868,855
1869,320
1869,501
1869,855
1870,320
1870,501
1870,677
1870,855
1871,320
1871,502
1871,678
1871,856
1872,320
1872,502
1872,678
1872,856
1873,320
1873,502
1873,678
1874,319
1874,503
1874,679
1875,319
1875,504
1875,680
1876,319
1876,505
1876,680
1877,318
1877,505
1877,680
1878,318
1878,681
1879,316
1879,681
1879,862
1880,316
1880,681
1880,864
1881,316
1881,682
1881,863
1882,682
1882,864
1883,681
1883,864
1884,314
1884,682
1884,864
1885,313
1885,683
1885,865
1886,313
1886,681
1886,864
1887,313
1887,686
1887,864
1888,313
1888,865
1889,313
1889,866
1890,313
1890,686
1890,866
1891,312
1891,867
1892,312
1892,689
1892,867
1893,312
1893,690
1893,867
1894,112
1894,312
1894,690
1894,869
1895,114
1895,311
1895,690
1896,114
1896,310
1896,691
1897,116
1897,310
1897,691
1898,117
1898,310
1898,691
1899,118
1899,310
1899,691
1900,118
1900,310
1900,691
1900,1068
1901,119
1901,309
1901,691
1901,1066
1902,120
1902,692
1902,1042
1902,1067
1903,121
1903,131
1903,693
1903,1040
1903,1067
1904,123
1904,694
1904,1039
1904,1067
1905,121
1905,130
1905,138
1905,694
1905,1053
1906,121
1906,136
1906,694
1906,1039
1906,1054
1906,1066
1907,138
1907,695
1907,1038
1907,1066
1908,140
1908,1039
1908,1065
1909,140
1909,1038
1909,1064
1910,140
1910,508
1910,514
1910,1040
1910,1063
1911,141
1911,509
1911,1039
1912,142
1912,509
1912,1042
1913,143
1913,508
1914,144
1914,507
1915,144
1915,486
1915,505
1916,145
1916,484
1916,504
1917,484
1917,494
1917,505
1918,482
1918,505
1919,482
1919,504
1920,482
1920,505
1921,329
1921,481
1922,327
1922,481
1923,326
1923,481
1924,325
1924,483
1925,324
1926,322
1927,322
1928,322
1929,300
1929,305
1929,319
1930,302
1930,312
1930,322
1931,303
1931,321
1932,302
1932,320
1933,301
1934,301
1935,299
1936,299
1937,298
1938,298
1938,665
1939,299
1939,665
1940,668
1941,668
1942,670
1943,671
1944,671
1945,671
1946,672
1947,673
1948,674
1949,675
1949,1035
1950,673
1950,682
1950,1037
1951,683
1951,1038
1952,690
1952,1040
1953,691
1953,1041
1954,691
1954,1041
1955,692
1955,1042
1956,693
1956,1042
1957,693
1957,1043
1958,694
1958,1044
1959,481
1959,694
1959,1044
1960,484
1960,695
1960,1045
1961,486
1961,696
1961,1045
1961,1051
1962,486
1962,697
1962,1043
1963,487
1963,699
1963,1057
1964,488
1964,877
1964,1058
1965,489
1965,877
1965,1059
1966,489
1966,876
1966,1060
1967,491
1967,509
1967,876
1967,1060
1968,490
1968,507
1968,875
1968,1060
1969,490
1969,507
1969,874
1969,1061
1970,490
1970,509
1970,874
1970,1062
1971,510
1971,874
1971,1063
1972,510
1972,873
1972,1064
1973,512
1973,872
1973,1064
1974,512
1974,872
1974,1065
1975,513
1975,871
1975,1064
1976,513
1976,871
1977,512
1977,871
1978,512
1978,871
1979,870
1980,871
1981,869
1987,861
1988,861
1989,861
1990,860
1991,860
1992,859
1993,859
1994,859
1995,693
1995,859
1996,673
1996,694
1996,858
1997,671
1997,694
1997,857
1998,669
1998,680
1998,694
1998,857
1999,681
1999,857
2000,669
2000,693
2000,856
2001,668
2001,693
2001,854
2002,668
2002,692
2002,854
2003,669
2003,691
2003,854
2004,670
2005,671
2017,846
2018,847
2019,848
2020,849
2021,851
2022,852
2023,852
2024,852
2025,853
2026,853
2027,854
2028,854
2029,854
2030,855
2031,853
2031,860
2035,866
2036,868
2037,868
2038,868
2039,868
2040,869
2041,870
2042,870
2043,870
2043,1068
2044,872
2044,1068
2045,875
2045,1067
2046,1067
2047,1066
2048,1065
2049,1064
2050,1064
2051,1063
2052,1063
2053,1062
2054,1062
2055,1062
2056,1062
2057,1062
2058,1062
2059,1061
2060,1056
2061,1055
2064,1053
2065,1048
2066,1049
2067,1049
2068,1049
2069,1048
2070,1048
2071,1047
2072,1047
2073,1047
2074,1047
2075,1048
2076,1050
