2080*1398
28,335
29,336
30,337
31,338
32,338
33,339
34,339
35,340
35,528
36,340
36,530
37,340
37,531
38,340
38,531
39,340
39,532
40,341
41,341
42,342
46,346
47,346
48,350
49,351
50,351
51,351
52,351
53,351
54,351
54,531
55,352
55,530
56,352
56,530
57,353
57,530
58,354
58,530
59,354
59,531
60,355
60,530
61,356
61,530
62,356
62,530
63,356
63,530
64,530
65,531
65,698
66,530
66,701
67,530
67,701
68,530
68,701
69,531
69,700
70,531
70,699
71,531
71,698
72,529
72,698
73,697
74,697
75,695
76,531
76,694
77,531
79,531
80,531
81,530
82,531
83,531
84,355
84,530
85,354
85,530
86,353
86,530
87,353
87,531
88,352
88,531
89,352
89,530
90,351
90,530
91,351
91,530
91,711
92,350
92,530
92,711
93,350
93,531
93,711
94,350
94,531
94,711
95,350
95,531
95,711
96,349
96,530
96,710
97,349
97,530
97,711
98,349
98,531
98,711
98,884
99,349
99,531
99,710
99,887
100,349
100,710
100,887
101,349
101,710
101,887
102,348
102,710
102,885
103,710
103,882
104,710
105,710
106,345
106,710
107,345
107,710
108,710
109,710
110,341
110,710
111,341
112,340
113,340
113,529
114,339
114,530
115,340
115,530
115,709
116,340
116,530
116,709
117,340
117,530
118,339
118,529
118,709
119,338
119,529
119,708
120,338
120,529
120,708
121,338
121,529
121,708
122,338
122,529
122,708
123,337
123,529
123,708
124,337
124,528
124,708
125,336
125,528
125,708
126,336
126,528
126,708
127,336
127,528
127,708
128,335
128,528
128,708
129,335
129,528
129,707
130,528
130,708
131,528
131,708
132,528
132,708
132,1077
133,528
133,707
133,1079
134,707
134,914
134,1079
135,707
135,913
135,1079
136,707
136,914
136,1079
137,707
137,890
137,915
137,1079
138,707
138,889
138,915
138,1078
139,528
139,707
139,888
139,916
139,1078
140,528
140,887
140,915
140,1078
141,527
141,900
141,1078
142,355
142,527
142,888
142,901
142,914
142,1078
143,353
143,526
143,886
143,912
143,1077
144,352
144,526
144,886
144,911
144,1077
145,351
145,527
145,886
146,351
146,526
146,886
147,350
147,526
148,349
148,526
149,348
149,526
150,348
150,526
151,348
151,526
152,347
152,526
153,347
153,525
154,345
154,525
155,343
155,525
156,339
156,525
157,331
157,339
157,526
158,332
158,524
159,331
159,525
159,1093
160,330
160,525
160,702
160,1093
161,330
161,525
161,702
161,1092
162,330
162,525
162,701
162,1091
163,329
163,700
163,1091
164,328
164,700
164,725
164,1090
165,327
165,700
165,725
165,1091
166,327
166,701
166,726
166,1090
167,326
167,703
167,726
167,1090
168,326
168,705
168,726
168,1089
169,324
169,703
169,726
169,1089
170,322
170,703
170,728
170,1089
171,322
171,728
171,1089
172,540
172,729
172,1089
173,539
173,729
173,1088
174,538
174,729
174,1088
175,537
176,536
177,536
178,535
179,535
180,535
181,534
181,1082
182,533
182,1081
183,533
183,1080
184,1080
185,528
185,1080
186,528
186,1080
187,520
187,1080
188,521
188,1080
189,521
189,1079
190,521
190,915
190,1079
191,521
191,914
191,1078
192,520
192,912
192,1078
193,519
193,911
193,1078
194,519
194,911
194,1077
195,518
195,910
195,1076
196,518
196,910
196,1076
196,1254
197,516
197,909
197,1075
197,1255
198,515
198,908
198,1256
199,515
199,908
199,1258
200,513
200,907
200,1258
201,907
201,1259
202,905
202,1259
203,899
203,904
203,1260
204,898
204,1260
205,893
205,1260
206,354
206,892
206,1260
207,354
207,890
207,1261
208,329
208,356
208,889
208,1262
209,330
209,356
209,889
209,1261
210,329
210,356
210,726
210,889
211,329
211,355
211,727
211,888
212,328
212,355
212,727
212,888
213,340
213,727
213,887
213,1267
214,328
214,354
214,727
214,886
214,1273
215,326
215,353
215,726
215,885
215,1273
216,326
216,352
216,703
216,726
216,885
216,1274
217,326
217,704
217,724
217,883
217,1274
218,326
218,703
218,721
218,880
218,1274
219,326
219,702
219,713
219,723
219,1274
220,704
220,722
220,1275
221,702
221,1275
222,700
222,1276
223,700
223,1276
224,699
224,1277
225,698
225,1278
226,697
226,1278
227,1279
228,1280
229,1281
242,330
243,331
244,330
245,330
245,910
246,331
246,911
247,332
247,709
247,911
248,332
248,709
248,911
249,333
249,708
249,909
250,332
250,708
250,908
250,1273
251,332
251,709
251,890
251,907
251,1273
252,333
252,709
252,889
252,906
252,1272
253,333
253,709
253,888
253,905
253,1270
254,333
254,708
254,889
254,907
254,1270
255,333
255,708
255,888
255,1270
256,333
256,708
256,887
256,1269
257,333
257,708
257,887
257,1268
258,334
258,708
258,886
258,1268
259,709
259,884
259,1074
259,1268
260,708
260,884
260,1075
260,1267
261,708
261,881
261,1076
261,1267
262,336
262,708
262,1076
262,1267
263,708
263,1076
263,1266
264,337
264,708
264,1076
264,1265
265,339
265,708
265,1076
265,1266
266,339
266,1076
267,339
267,1076
268,339
268,1077
268,1260
269,339
269,1077
269,1259
270,339
270,1076
270,1255
271,340
271,1076
271,1254
272,340
272,1077
272,1254
273,340
273,708
273,1077
273,1253
274,341
274,708
274,1077
274,1253
275,341
275,708
275,1077
275,1253
276,341
276,708
276,1077
276,1253
277,341
277,708
277,1077
277,1252
278,341
278,708
278,1077
278,1252
279,343
279,708
279,1251
280,343
280,708
280,1250
281,343
281,709
281,1249
282,709
282,1249
283,708
283,899
283,1077
283,1248
284,538
284,708
284,899
284,1247
285,515
285,539
285,708
285,899
285,1246
286,515
286,540
286,708
286,899
286,1246
287,514
287,540
287,708
287,899
287,1077
288,514
288,540
288,708
288,898
288,1079
289,515
289,539
289,708
289,897
289,1079
290,526
290,708
290,897
290,1079
291,513
291,526
291,539
291,708
291,897
291,1079
292,512
292,536
292,897
292,1079
293,513
293,536
293,897
293,1079
294,514
294,897
294,1079
295,516
295,896
295,1079
296,896
296,1079
297,336
297,896
297,1080
298,336
298,897
298,1079
299,337
299,896
299,1079
300,337
300,895
300,1079
301,337
301,1080
301,1266
302,337
302,1080
302,1267
303,336
303,1080
303,1266
304,337
304,1080
304,1266
305,337
305,706
305,893
305,1080
305,1266
306,337
306,706
306,1080
306,1266
307,338
307,706
307,1080
307,1266
308,337
308,707
308,891
308,1266
309,337
309,707
309,891
309,1265
310,337
310,708
310,891
310,1265
311,338
311,708
311,890
311,1265
312,338
312,708
312,890
312,1265
313,338
313,708
313,890
313,1265
314,338
314,708
314,890
314,1265
315,708
315,890
315,1264
316,707
316,890
316,1264
317,709
317,889
317,1264
318,705
318,889
318,1263
319,339
319,708
319,889
320,340
320,708
320,889
321,339
321,707
321,889
322,340
322,708
322,888
323,340
323,709
323,887
324,340
324,710
324,887
325,340
325,528
325,887
326,340
326,527
326,887
326,1260
327,339
327,527
327,1260
328,339
328,527
328,712
328,1261
329,340
329,527
329,1260
330,340
330,527
330,1261
331,339
331,525
331,1260
332,339
332,525
332,714
332,1260
333,340
333,525
333,714
333,1260
334,340
334,525
334,715
334,1260
335,341
335,525
335,714
335,1260
336,341
336,524
336,714
336,1260
337,341
337,524
337,714
337,1260
338,340
338,524
338,715
338,1259
339,340
339,525
339,715
339,1258
340,341
340,524
340,715
340,1259
341,525
341,716
341,1259
342,716
342,1258
343,716
343,894
343,1258
344,716
344,894
345,716
345,896
346,717
346,891
346,1264
347,522
347,717
347,892
347,1264
348,717
348,892
348,1265
349,519
349,717
349,1264
350,519
350,718
350,1264
351,351
351,519
351,718
351,890
351,1264
352,351
352,519
352,891
352,896
352,1264
353,350
353,518
353,896
353,1264
354,349
354,518
354,890
354,896
354,1264
355,347
355,518
355,890
355,895
355,1263
356,346
356,518
356,891
356,896
356,1263
357,345
357,518
357,891
357,1263
358,345
358,518
358,892
358,1263
359,345
359,517
359,892
359,1263
360,344
360,517
360,1264
361,344
361,517
361,1262
362,343
362,516
362,900
362,1262
363,343
363,516
363,891
363,1262
364,343
364,516
364,891
364,1262
365,343
365,515
366,341
366,515
366,1261
368,890
369,336
369,890
369,1082
370,337
370,721
370,890
370,1083
371,330
371,722
371,890
371,1083
372,329
372,721
372,890
372,1084
372,1259
373,329
373,719
373,727
373,891
373,1084
373,1259
374,328
374,721
374,890
374,1083
374,1260
375,328
375,700
375,720
375,890
375,1083
375,1260
376,328
376,698
376,719
376,891
376,1083
376,1260
377,327
377,699
377,717
377,891
377,1083
377,1260
378,326
378,702
378,717
378,891
378,1083
378,1259
379,326
379,699
379,717
379,891
379,1083
379,1259
380,326
380,697
380,890
380,1083
380,1259
381,326
381,696
381,889
381,1083
381,1260
382,325
382,696
382,889
382,1083
382,1260
383,323
383,696
383,889
383,1083
383,1259
384,323
384,694
384,889
384,1083
384,1258
385,321
385,694
385,890
385,1083
385,1258
386,321
386,1259
387,321
387,1258
388,1258
389,1257
390,1257
391,1257
393,1082
394,511
394,906
394,1083
395,509
395,906
395,1083
396,510
396,906
396,1083
397,510
397,905
397,1082
398,510
398,534
398,904
398,1082
399,509
399,534
399,903
399,1082
400,512
400,535
400,903
400,1082
401,511
401,533
401,902
401,1083
402,512
402,524
402,536
402,902
402,1082
403,514
403,536
403,902
403,1082
404,512
404,537
404,901
404,1082
405,537
405,901
405,1082
406,537
406,901
406,1082
407,535
407,900
407,1082
408,901
408,1082
409,900
409,1081
410,900
410,1269
411,900
411,1268
412,1268
413,1267
414,1266
415,357
415,1266
416,359
416,894
416,1266
417,360
417,702
417,894
417,1266
418,360
418,702
418,893
418,1265
419,359
419,703
419,890
419,1265
420,359
420,704
420,890
420,1265
421,337
421,358
421,705
421,890
421,1265
422,337
422,357
422,705
422,889
422,1265
423,336
423,353
423,705
423,890
423,1265
424,337
424,356
424,706
424,890
424,1092
424,1264
425,335
425,356
425,707
425,890
425,1091
425,1262
426,334
426,708
426,889
426,1090
427,334
427,529
427,707
427,889
427,1089
428,334
428,529
428,707
428,888
428,1088
428,1260
429,332
429,528
429,708
429,887
429,1088
430,331
430,529
430,708
430,887
430,1087
431,529
431,708
431,886
431,1087
431,1256
432,529
432,709
432,885
432,1086
432,1257
433,529
433,709
433,885
433,1086
433,1257
434,529
434,711
434,885
434,1086
434,1257
435,529
435,885
435,1086
435,1256
436,529
436,884
436,1085
436,1256
437,529
437,1085
437,1256
438,529
438,1083
438,1256
439,529
439,1255
440,529
440,717
440,1255
441,529
441,718
441,1254
442,529
442,719
442,907
442,1253
443,529
443,719
443,907
443,1075
443,1253
444,529
444,719
444,906
444,1074
444,1253
445,530
445,719
445,905
445,1074
445,1252
446,530
446,719
446,905
446,1074
446,1250
447,720
447,904
447,1074
448,720
448,904
448,1074
449,721
449,904
449,1073
450,721
450,903
450,1073
451,530
451,722
451,902
451,1072
452,530
452,722
452,902
452,1072
453,530
453,723
453,902
453,1071
454,530
454,723
454,902
454,1070
455,531
455,724
455,902
455,1069
456,530
456,725
456,901
456,1069
457,530
457,725
457,901
457,1068
458,530
458,901
458,1068
459,530
459,901
460,530
461,530
461,898
462,530
463,530
463,897
463,1273
464,530
464,897
464,1272
465,530
465,897
465,1271
466,530
466,895
466,1270
467,356
467,531
467,893
467,1270
468,355
468,531
468,893
468,1270
469,354
469,531
469,893
469,1269
470,353
470,530
470,893
470,1269
471,352
471,530
471,893
471,1267
472,351
472,531
472,893
472,1267
473,351
473,531
473,892
473,1267
474,350
474,531
474,892
474,1267
475,350
475,892
475,1268
476,349
476,892
476,1267
477,349
477,892
477,1266
478,348
478,890
478,1265
479,349
479,697
479,703
479,890
479,1263
480,699
480,889
481,700
481,889
481,1262
482,342
482,701
482,889
483,337
483,702
483,888
484,337
484,695
484,704
485,337
485,703
485,1257
486,336
486,703
486,1257
487,335
487,704
487,1256
488,335
488,706
488,722
488,1256
489,334
489,705
489,713
489,722
489,1256
490,334
490,705
490,720
490,1256
491,333
491,722
491,1256
492,332
492,724
492,1255
493,331
493,724
493,1254
494,330
494,724
494,1254
495,330
495,725
495,1253
496,727
496,1253
497,546
497,728
497,1253
498,544
498,730
498,1251
499,543
499,1250
500,541
500,1250
501,541
502,541
503,540
504,539
505,538
506,538
507,538
508,537
509,537
510,530
511,523
511,529
512,524
513,522
514,522
515,521
516,521
517,520
517,1258
518,520
518,1257
519,520
519,1259
520,518
520,1260
521,517
521,1260
522,516
522,1261
523,515
523,1261
524,1262
525,348
525,1263
526,350
526,1264
527,351
527,1264
528,351
528,1263
529,329
529,350
529,1264
530,329
530,351
530,1264
531,328
531,348
531,1264
532,327
532,339
532,348
532,1065
532,1265
533,327
533,339
533,347
533,1066
533,1266
534,327
534,345
534,1068
535,326
535,1068
536,326
536,537
536,1069
536,1269
537,329
537,537
537,1070
538,538
538,1071
539,536
539,1071
539,1275
540,535
540,1072
540,1275
541,535
541,1072
541,1275
542,535
542,1073
542,1275
543,535
543,1073
543,1275
544,534
544,1074
544,1276
545,534
545,1074
545,1277
546,534
546,1074
546,1277
547,534
547,1080
547,1277
548,534
548,1278
549,533
549,1082
549,1088
549,1278
550,533
550,1089
550,1279
551,533
551,1089
551,1280
552,533
552,1090
552,1280
553,532
553,1089
553,1281
554,532
554,1089
554,1281
555,531
555,1090
555,1281
556,1091
557,1091
558,529
558,1091
559,529
559,1093
560,1093
561,527
561,1094
562,1095
563,525
563,1097
564,525
564,1097
565,525
566,525
567,524
568,524
568,911
569,361
569,524
569,912
570,359
570,524
570,911
571,358
571,524
571,910
572,358
572,523
572,909
573,357
573,522
573,908
574,356
574,522
574,908
575,355
575,522
575,733
575,907
576,355
576,522
576,731
576,907
577,355
577,522
577,731
577,887
577,904
578,354
578,520
578,730
578,887
578,897
578,905
579,354
579,521
579,728
579,887
579,895
579,905
580,353
580,520
580,728
580,888
581,353
581,520
581,727
581,886
582,353
582,727
582,885
583,352
583,726
583,885
584,351
584,725
584,885
585,349
585,725
585,884
585,1077
586,347
586,725
586,883
586,1077
587,348
587,724
587,881
587,1077
588,342
588,725
588,881
588,1077
589,342
589,723
589,1077
590,341
590,718
590,1078
591,341
591,1078
592,340
592,717
592,1078
593,340
593,711
593,1078
594,340
594,711
594,1078
595,340
595,710
595,1078
596,339
596,710
596,1079
597,338
597,710
597,1079
598,338
598,710
598,1079
599,337
599,710
599,1078
600,337
600,709
600,1079
601,336
601,708
601,1079
602,335
602,708
602,1079
603,334
603,707
603,1079
604,706
604,1079
605,705
606,703
607,513
607,702
608,511
609,513
609,1080
610,513
611,515
611,906
612,515
612,905
612,1080
613,516
613,904
613,1081
614,516
614,903
614,1082
615,517
615,903
615,1081
616,518
616,903
616,1081
617,520
617,902
617,1082
618,518
618,901
618,1082
619,526
619,534
619,901
619,1082
620,532
620,901
620,1082
620,1255
621,534
621,901
621,1082
621,1256
622,536
622,900
622,1082
622,1257
623,536
623,900
623,1082
623,1258
624,537
624,900
624,1083
624,1259
625,537
625,900
625,1083
625,1260
626,538
626,900
626,1083
626,1261
627,538
627,900
627,1083
627,1261
628,539
628,707
628,899
628,1083
628,1262
629,541
629,706
629,1083
629,1262
630,541
630,707
630,1083
630,1263
631,544
631,707
631,1083
631,1263
632,707
632,895
632,1084
632,1263
633,708
633,895
633,1083
633,1263
634,708
634,894
634,1264
635,707
635,1265
636,708
636,892
636,1265
637,708
637,891
637,1269
638,708
638,890
638,1269
639,708
639,890
639,1270
640,708
640,890
641,707
641,890
641,1276
642,708
642,890
642,1277
643,708
643,890
643,1278
644,708
644,889
644,1278
645,709
645,889
645,1278
646,709
646,888
646,1278
647,708
647,888
647,1279
648,888
648,1279
649,888
649,1280
650,887
650,1280
651,710
651,886
651,1281
652,885
652,1281
653,885
653,1282
654,885
654,1283
655,1284
656,711
656,1285
657,712
657,1284
658,711
659,711
659,1069
660,711
660,1067
661,516
661,711
661,1066
662,515
662,712
662,1066
662,1090
663,513
663,539
663,712
663,1067
663,1091
664,513
664,540
664,711
664,1069
664,1091
665,513
665,540
665,711
665,911
665,1071
665,1091
666,515
666,540
666,712
666,910
666,1069
666,1090
667,527
667,712
667,909
667,1070
667,1093
668,514
668,539
668,712
668,908
668,1070
668,1093
669,516
669,542
669,712
669,908
669,1093
670,515
670,542
670,712
670,907
670,1093
671,517
671,542
671,712
671,906
671,1093
672,541
672,713
672,906
673,539
673,713
673,905
674,713
674,905
675,905
676,904
677,904
678,904
678,1257
679,904
679,1256
680,357
680,362
680,902
680,1258
681,359
681,714
681,1259
682,361
682,714
682,898
682,1259
683,360
683,714
683,898
683,1260
684,360
684,715
684,1260
685,336
685,359
685,715
685,895
685,1261
686,336
686,358
686,715
686,893
686,1262
687,335
687,357
687,715
687,893
687,1263
688,338
688,358
688,714
688,893
688,1266
689,334
689,348
689,357
689,715
689,893
689,1263
689,1272
689,1281
690,333
690,356
690,715
690,892
690,1279
691,333
691,715
691,892
691,1280
692,333
692,716
692,891
692,1282
693,331
693,715
693,891
693,1282
694,331
694,714
694,890
694,1283
695,331
695,715
695,890
695,1283
696,715
696,889
696,1284
697,716
697,888
697,1285
698,715
698,887
698,1285
699,887
699,1288
700,886
700,1286
705,1095
706,716
706,1095
707,716
707,1070
707,1096
708,716
708,1069
708,1096
709,716
709,1069
709,1096
710,716
710,1069
710,1096
711,716
711,907
711,1067
711,1080
711,1094
712,716
712,907
712,1068
712,1083
712,1095
713,716
713,905
713,1066
713,1094
714,716
714,905
714,1066
714,1094
715,541
715,717
715,905
715,1066
715,1092
716,539
716,716
716,904
716,1066
717,538
717,716
717,903
717,1069
718,538
718,716
718,903
719,537
719,717
719,903
720,536
720,717
720,902
721,535
721,717
721,901
722,535
722,716
722,901
723,339
723,534
723,901
724,339
724,533
724,901
725,339
725,532
725,901
726,339
726,525
726,532
726,900
727,339
727,514
727,524
727,533
728,340
728,517
729,339
729,514
729,896
730,339
730,514
730,896
731,339
731,513
732,339
732,513
733,339
733,512
733,713
733,891
734,339
734,511
734,712
734,892
735,339
735,511
735,713
735,891
736,339
736,510
736,712
736,892
736,1255
737,339
737,509
737,712
737,891
737,1256
738,339
738,507
738,713
738,890
738,1257
739,340
739,506
739,711
739,890
739,1258
740,340
740,711
740,890
740,1259
741,339
741,711
741,890
741,1260
742,339
742,711
742,889
742,1260
743,339
743,711
743,888
743,1260
744,711
744,888
744,1089
744,1261
745,710
745,887
745,1089
745,1263
746,711
746,887
746,1089
746,1262
746,1270
746,1281
747,340
747,711
747,886
747,1088
747,1262
747,1272
747,1281
748,340
748,711
748,884
748,1088
748,1281
749,341
749,1087
749,1281
750,340
750,1086
750,1282
751,1086
751,1282
752,339
752,1086
752,1283
753,339
753,1086
753,1283
754,340
754,1085
754,1284
755,340
755,1084
755,1285
756,340
756,707
756,1084
756,1286
757,340
757,706
757,1084
757,1287
758,340
758,707
758,1084
758,1287
759,339
759,707
759,1084
760,339
760,707
760,1083
761,340
761,707
761,1083
762,340
762,706
762,1082
763,339
763,706
764,339
764,706
765,339
765,706
766,340
766,706
767,340
767,705
767,1077
768,340
768,705
769,339
769,705
769,1075
770,339
770,705
770,1073
771,340
771,705
771,1072
772,705
772,1073
773,1073
774,516
774,1073
775,516
775,910
775,1073
776,516
776,909
776,1072
777,517
777,910
777,1072
778,518
778,909
778,1072
779,518
779,908
779,1071
780,518
780,907
780,1071
781,520
781,539
781,907
781,1070
782,520
782,529
782,540
782,907
782,1069
783,521
783,537
783,907
783,1068
784,350
784,519
784,540
784,906
784,1068
785,350
785,541
785,906
785,1068
786,350
786,542
786,906
786,1068
787,349
787,542
787,906
787,1066
788,348
788,542
788,906
789,348
789,543
789,715
789,906
790,347
790,544
790,715
790,905
791,347
791,540
791,546
791,714
792,347
792,714
793,346
793,714
794,346
794,714
795,346
795,715
796,346
796,714
796,1254
797,347
797,714
797,899
797,1253
798,346
798,714
798,898
798,1254
799,345
799,714
799,898
799,1255
800,714
800,898
800,1255
801,714
801,897
801,1256
802,714
802,897
802,1257
803,344
803,714
803,897
803,1257
804,344
804,714
804,897
804,1259
804,1279
805,536
805,714
805,897
805,1260
805,1278
806,341
806,535
806,896
806,1258
806,1268
806,1279
807,340
807,534
807,895
807,1260
807,1278
808,340
808,534
808,895
808,1279
809,340
809,534
809,894
809,1280
810,339
810,533
810,894
810,1280
811,339
811,533
811,894
811,1280
812,339
812,532
812,892
812,1280
813,339
813,532
813,714
813,1281
814,339
814,532
814,713
814,1281
815,338
815,531
815,713
815,1283
816,337
816,530
816,714
817,338
817,531
817,714
818,337
818,531
818,714
819,337
819,530
819,714
820,336
820,531
820,713
821,336
821,530
821,713
822,713
823,714
824,714
825,714
826,526
826,713
827,713
828,524
828,714
829,522
829,714
829,1266
830,522
830,1266
831,521
831,1267
832,521
832,882
832,1267
833,521
833,882
833,1266
834,521
834,883
834,1266
835,521
835,884
835,1266
836,353
836,521
836,884
836,1266
837,352
837,520
837,884
837,1266
838,351
838,519
838,885
838,1266
839,350
839,519
839,886
839,1266
840,349
840,519
840,887
840,1266
841,349
841,519
841,885
841,893
841,1266
842,348
842,518
842,890
842,907
842,1266
843,348
843,517
843,888
843,897
843,907
843,1266
844,348
844,517
844,888
844,906
844,1266
845,347
845,517
845,908
845,1265
846,347
846,909
846,1265
847,347
847,910
847,1265
848,347
848,910
849,347
849,911
850,346
850,693
850,911
850,1264
851,344
851,696
851,912
851,1263
852,698
852,913
853,342
853,698
853,914
854,342
854,699
854,915
855,700
855,1263
856,336
856,701
856,1262
857,336
857,702
857,1263
858,336
858,702
858,1263
859,336
859,702
859,1263
860,336
860,703
860,1263
861,336
861,705
861,1263
862,335
862,704
862,721
862,1263
863,334
863,714
863,722
863,1263
864,334
864,721
864,1263
865,334
865,722
865,1070
865,1263
866,334
866,722
866,1070
866,1262
867,332
867,527
867,723
867,1073
867,1262
868,332
868,528
868,723
868,1073
868,1262
869,331
869,528
869,724
869,1074
869,1262
870,331
870,529
870,725
870,1075
870,1262
871,331
871,529
871,726
871,1076
871,1262
872,529
872,726
872,1076
872,1262
873,529
873,728
873,1077
873,1260
874,529
874,728
874,1077
875,529
875,1077
876,530
876,1078
877,530
877,1077
877,1083
878,530
879,530
879,1086
879,1093
880,530
880,1091
881,530
881,1093
882,530
882,1094
883,531
883,1094
884,358
884,1094
885,358
885,1095
886,356
886,1096
887,355
887,915
887,1097
888,354
888,532
888,916
888,1096
889,354
889,533
889,916
889,1098
890,354
890,916
890,1099
891,353
891,893
891,916
891,1100
892,352
892,534
892,703
892,892
892,916
893,352
893,534
893,703
893,891
893,903
893,915
894,351
894,534
894,704
894,903
895,351
895,534
895,704
895,892
895,913
896,352
896,534
896,705
896,890
896,913
897,351
897,534
897,706
897,890
897,912
898,350
898,534
898,707
898,889
899,350
899,535
899,707
899,889
900,346
900,535
900,707
900,889
901,346
901,535
901,708
901,888
902,346
902,534
902,708
903,345
903,535
903,708
904,342
904,535
904,709
905,340
905,535
905,709
906,340
906,536
906,709
907,339
907,536
907,709
907,1092
908,338
908,536
908,710
908,1092
909,338
909,536
909,709
909,1092
910,338
910,1091
911,338
911,1090
912,338
912,714
912,1090
913,337
913,714
913,1090
914,336
914,1090
915,336
915,717
915,1089
916,335
916,520
916,720
916,1088
917,335
917,520
917,720
917,1088
918,334
918,520
918,719
918,1088
919,332
919,521
919,720
919,1089
920,522
920,720
920,1089
921,523
921,721
921,1088
922,523
922,721
922,1087
923,523
923,721
923,1087
924,524
924,722
924,1086
925,524
925,722
926,525
926,722
927,525
927,723
927,1083
928,525
928,724
929,526
929,724
930,525
930,725
931,526
931,726
931,1081
932,527
932,726
932,1081
933,727
933,1080
934,531
934,1080
935,1080
936,531
936,1080
937,1080
938,536
938,1080
939,536
939,1079
940,537
940,1079
941,538
941,1078
942,537
942,1078
943,537
943,1077
944,537
944,887
944,893
944,1077
945,538
945,888
945,1076
946,538
946,889
946,1075
947,539
947,890
947,1076
948,334
948,539
948,891
949,335
949,539
949,891
950,336
950,540
950,892
950,911
951,337
951,541
951,894
951,912
952,338
952,541
952,893
952,902
952,911
953,339
953,542
953,701
953,893
953,911
954,339
954,543
954,703
954,912
955,340
955,543
955,704
955,913
956,340
956,704
956,914
957,340
957,706
957,914
958,341
958,706
958,915
959,341
959,707
959,915
960,341
960,707
961,342
961,708
961,1089
961,1259
962,347
962,709
962,1088
962,1257
963,349
963,709
963,1089
963,1257
964,349
964,709
964,1089
964,1255
965,354
965,710
965,1089
965,1254
966,353
966,710
966,1089
966,1255
967,353
967,716
967,1089
967,1254
968,174
968,354
968,718
968,1088
968,1254
969,176
969,354
969,724
969,1089
969,1255
970,176
970,355
970,724
970,1088
970,1257
971,175
971,356
971,724
971,1088
972,175
972,356
972,725
972,1088
973,174
973,356
973,725
973,1088
974,173
974,356
974,725
974,1088
975,170
975,358
975,726
975,1088
976,169
976,360
976,727
976,1088
977,172
977,360
977,727
977,1088
978,362
978,729
978,1088
979,729
979,1087
980,730
980,1087
981,732
985,1086
987,542
988,539
989,538
989,1086
990,538
990,1086
991,356
991,538
991,1086
992,355
992,537
992,1086
993,355
993,537
993,1086
994,354
994,536
994,1086
995,353
995,518
995,534
995,1086
996,352
996,518
996,526
996,534
996,1086
997,352
997,519
997,535
997,1086
998,351
998,517
998,1086
999,351
999,516
999,1086
1000,351
1000,515
1000,1086
1001,350
1001,515
1001,1085
1002,350
1002,514
1002,1085
1003,350
1003,514
1003,1085
1004,350
1004,512
1004,1085
1005,349
1005,511
1005,1085
1006,1085
1007,346
1007,1085
1008,346
1008,1084
1009,1084
1010,340
1011,340
1012,339
1013,339
1013,704
1014,339
1014,705
1015,339
1015,705
1016,339
1016,706
1017,338
1017,707
1018,337
1018,709
1019,337
1019,709
1019,1099
1020,337
1020,709
1020,1098
1021,337
1021,709
1021,1096
1022,335
1022,709
1022,1095
1023,334
1023,710
1023,1095
1024,334
1024,711
1024,1094
1025,334
1025,711
1025,1093
1026,711
1026,1092
1027,1092
1028,716
1028,1092
1029,154
1029,717
1029,1091
1030,153
1030,1092
1031,153
1031,723
1031,1091
1032,723
1032,1090
1033,723
1033,1089
1034,723
1034,1084
1035,153
1035,724
1036,516
1036,521
1036,725
1036,1079
1037,155
1037,517
1037,725
1037,1078
1038,155
1038,517
1038,726
1038,1077
1039,517
1039,726
1039,1078
1040,518
1040,726
1040,913
1040,1077
1041,156
1041,520
1041,728
1041,913
1041,1077
1042,156
1042,520
1042,729
1042,912
1042,1076
1043,157
1043,521
1043,532
1043,541
1043,729
1043,911
1043,1075
1044,157
1044,521
1044,531
1044,541
1044,731
1044,910
1044,1075
1045,157
1045,521
1045,539
1045,731
1045,908
1045,1074
1046,158
1046,521
1046,542
1046,908
1046,1073
1047,157
1047,543
1047,908
1047,1071
1048,158
1048,543
1048,907
1048,1071
1049,158
1049,544
1049,906
1050,158
1050,359
1050,545
1050,906
1051,159
1051,359
1051,546
1051,905
1052,160
1052,358
1052,545
1052,906
1053,160
1053,357
1053,905
1054,160
1054,356
1054,904
1055,161
1055,355
1055,897
1056,161
1056,355
1056,897
1057,355
1057,892
1058,354
1058,892
1059,353
1059,890
1060,353
1060,889
1061,353
1061,889
1062,353
1062,889
1063,353
1063,889
1064,353
1064,888
1065,352
1065,888
1066,350
1066,886
1067,886
1068,347
1068,885
1069,348
1069,731
1069,884
1070,179
1070,731
1070,883
1071,177
1071,730
1071,880
1072,175
1072,729
1073,174
1073,341
1073,729
1073,1074
1074,173
1074,341
1074,727
1074,1075
1075,172
1075,340
1075,727
1075,1076
1076,172
1076,340
1076,726
1076,1076
1077,171
1077,340
1077,726
1077,1077
1078,171
1078,340
1078,725
1078,1078
1079,170
1079,340
1079,724
1079,1078
1080,170
1080,339
1080,717
1080,723
1080,1079
1081,170
1081,339
1081,710
1081,716
1081,1079
1082,169
1082,338
1082,711
1082,1079
1083,163
1083,169
1083,338
1083,548
1083,710
1083,1080
1084,163
1084,338
1084,547
1084,708
1084,1080
1085,155
1085,162
1085,337
1085,546
1085,708
1085,1080
1086,155
1086,335
1086,544
1086,707
1086,1081
1087,155
1087,335
1087,544
1087,707
1087,1082
1088,154
1088,334
1088,543
1088,707
1088,1081
1089,154
1089,542
1089,706
1090,153
1090,542
1090,704
1091,153
1091,541
1091,704
1091,1086
1092,152
1092,541
1092,702
1092,1086
1093,152
1093,540
1094,151
1094,539
1094,1087
1095,150
1095,534
1095,1091
1096,148
1096,527
1096,533
1096,1091
1097,148
1097,526
1097,1092
1098,525
1098,1092
1099,525
1099,1093
1100,525
1100,1093
1101,525
1101,1093
1102,524
1102,1094
1103,523
1103,1094
1104,522
1104,1094
1105,521
1105,1095
1106,521
1106,1095
1107,519
1107,1096
1108,517
1108,1097
1109,1097
1110,1098
1111,1099
1117,710
1118,710
1119,710
1120,710
1121,711
1122,712
1123,713
1124,712
1125,713
1125,1070
1126,713
1126,1070
1127,714
1127,1070
1128,714
1128,1072
1129,169
1129,714
1129,1072
1130,169
1130,714
1130,1074
1131,167
1131,714
1131,1074
1132,167
1132,714
1132,1074
1133,166
1133,1074
1134,165
1134,1075
1135,164
1135,1075
1136,163
1136,1076
1137,163
1137,1076
1138,163
1138,512
1138,722
1138,1077
1139,162
1139,511
1139,723
1139,1077
1140,161
1140,513
1140,723
1141,161
1141,513
1141,723
1141,1081
1142,161
1142,514
1142,724
1143,160
1143,515
1143,723
1144,157
1144,515
1144,724
1144,912
1145,156
1145,516
1145,724
1145,911
1145,1087
1146,517
1146,725
1146,911
1146,1088
1147,150
1147,518
1147,725
1147,909
1147,1088
1148,148
1148,517
1148,524
1148,726
1148,908
1148,1089
1149,147
1149,516
1149,533
1149,725
1149,907
1149,1089
1150,147
1150,531
1150,726
1150,907
1150,1090
1151,146
1151,532
1151,727
1151,906
1151,1090
1152,146
1152,533
1152,729
1152,906
1152,1090
1153,146
1153,534
1153,728
1153,905
1153,1090
1154,145
1154,535
1154,904
1154,1091
1155,145
1155,535
1155,904
1155,1092
1156,143
1156,361
1156,535
1156,904
1156,1093
1157,143
1157,359
1157,536
1157,903
1157,1093
1158,142
1158,359
1158,537
1158,896
1158,1094
1159,142
1159,358
1159,540
1159,896
1159,1095
1160,141
1160,356
1160,890
1160,1095
1161,139
1161,356
1161,890
1162,355
1162,890
1163,354
1163,889
1164,354
1164,889
1165,353
1165,888
1166,353
1166,888
1167,353
1167,887
1168,353
1168,887
1169,351
1169,885
1170,351
1170,885
1171,347
1171,884
1172,346
1172,883
1173,882
1173,1102
1174,339
1174,1101
1175,338
1175,1101
1176,337
1176,1099
1177,337
1177,1098
1178,337
1178,727
1178,1098
1179,337
1179,727
1179,1097
1180,336
1180,726
1180,1096
1181,335
1181,726
1181,1096
1182,335
1182,725
1182,1095
1183,334
1183,724
1183,1095
1184,333
1184,723
1184,1095
1185,333
1185,704
1185,722
1185,1095
1186,331
1186,704
1186,713
1186,723
1186,1094
1187,331
1187,705
1187,722
1187,1093
1188,329
1188,702
1188,723
1188,1093
1189,702
1189,1092
1190,516
1190,701
1191,517
1191,701
1192,518
1192,700
1192,1086
1193,518
1193,699
1193,1085
1194,517
1194,699
1194,897
1195,518
1195,897
1195,1082
1196,519
1196,897
1196,1083
1197,520
1197,897
1197,1082
1198,520
1198,897
1198,1081
1199,520
1199,897
1199,1074
1199,1082
1200,520
1200,897
1200,1081
1201,520
1201,897
1201,1082
1202,520
1202,897
1202,1083
1203,521
1203,898
1203,1082
1204,521
1204,897
1204,1080
1205,522
1205,897
1205,1079
1206,352
1206,897
1206,1071
1206,1080
1207,352
1207,524
1207,897
1207,1075
1207,1079
1208,351
1208,524
1208,898
1209,351
1209,898
1210,351
1210,896
1211,351
1212,351
1212,527
1213,351
1213,527
1214,350
1214,527
1214,898
1215,350
1215,528
1216,350
1216,528
1217,350
1217,529
1218,350
1218,528
1219,350
1219,529
1219,898
1220,350
1220,529
1220,899
1221,350
1221,529
1221,898
1222,350
1222,530
1222,898
1223,350
1223,531
1223,899
1224,530
1224,899
1225,531
1225,899
1226,175
1226,350
1226,532
1226,899
1227,174
1227,350
1227,532
1227,899
1228,173
1228,898
1229,173
1229,899
1230,173
1230,899
1231,172
1231,899
1232,171
1232,348
1232,899
1233,170
1233,347
1233,899
1234,170
1234,347
1234,899
1235,170
1235,347
1235,899
1235,1070
1236,170
1236,347
1236,1072
1237,170
1237,347
1237,1073
1238,169
1238,347
1238,1074
1239,169
1239,347
1239,1070
1239,1075
1240,169
1240,347
1240,1071
1240,1076
1241,170
1241,347
1241,1076
1242,169
1242,347
1242,1075
1243,170
1243,346
1243,1075
1244,169
1244,346
1244,1075
1245,346
1245,1075
1246,346
1246,1076
1247,168
1247,346
1247,1076
1248,167
1248,345
1248,548
1248,554
1248,1076
1249,166
1249,346
1249,549
1249,1076
1250,345
1250,548
1250,1077
1251,548
1251,1076
1252,163
1252,546
1253,161
1253,546
1254,161
1254,545
1255,161
1255,544
1256,160
1256,544
1256,888
1257,160
1257,332
1257,543
1257,888
1257,1084
1258,161
1258,332
1258,523
1258,534
1258,544
1258,890
1258,1085
1259,161
1259,332
1259,525
1259,543
1259,891
1259,1086
1260,160
1260,333
1260,524
1260,892
1260,1086
1261,160
1261,333
1261,523
1261,892
1261,1085
1262,159
1262,334
1262,523
1262,893
1262,1086
1263,159
1263,335
1263,521
1263,894
1263,1086
1264,159
1264,335
1264,520
1264,894
1264,1086
1265,159
1265,335
1265,520
1265,895
1265,1087
1266,158
1266,335
1266,519
1266,895
1266,1088
1267,158
1267,336
1267,519
1267,895
1267,1087
1268,157
1268,336
1268,518
1268,895
1268,1088
1269,157
1269,336
1269,516
1269,896
1269,1089
1270,157
1270,336
1270,1089
1271,157
1271,336
1271,1090
1272,336
1272,903
1272,1091
1273,337
1273,907
1274,338
1274,908
1275,908
1276,340
1276,909
1277,735
1277,909
1278,342
1278,734
1278,910
1279,733
1279,911
1280,732
1280,911
1281,730
1281,911
1282,344
1282,729
1282,911
1283,345
1283,729
1283,913
1284,345
1284,728
1284,914
1285,346
1285,728
1285,915
1286,346
1286,728
1287,346
1287,727
1287,1069
1288,346
1288,726
1288,1068
1289,346
1289,726
1289,1070
1290,346
1290,726
1290,1071
1291,347
1291,725
1291,1071
1292,347
1292,525
1292,719
1292,726
1292,1073
1293,348
1293,525
1293,717
1293,1074
1294,348
1294,525
1294,717
1294,1074
1295,348
1295,525
1295,711
1295,1074
1296,349
1296,526
1296,711
1296,1075
1297,350
1297,526
1297,710
1297,1075
1298,350
1298,525
1298,709
1298,1076
1299,352
1299,525
1299,709
1299,1077
1300,525
1300,709
1300,1077
1301,526
1301,709
1302,526
1302,708
1303,526
1303,707
1303,1083
1304,526
1304,707
1304,1088
1305,525
1305,705
1305,1090
1306,526
1306,705
1306,1091
1307,526
1307,704
1307,878
1307,1091
1308,526
1308,702
1308,880
1308,1091
1309,527
1309,701
1309,881
1309,1091
1310,526
1310,882
1310,1092
1311,526
1311,884
1311,1093
1312,884
1312,1093
1313,885
1313,1093
1314,885
1314,1094
1315,527
1315,885
1315,1096
1316,886
1316,1096
1317,887
1318,887
1319,887
1320,528
1320,888
1321,528
1321,888
1322,528
1322,889
1323,528
1323,894
1324,528
1325,528
1325,894
1326,528
1327,528
1327,899
1328,527
1328,901
1329,528
1329,902
1330,528
1330,902
1331,357
1331,529
1331,902
1332,358
1332,529
1332,902
1333,334
1333,359
1333,529
1333,902
1334,335
1334,360
1334,529
1334,903
1335,335
1335,359
1335,528
1335,732
1335,903
1336,334
1336,355
1336,529
1336,732
1336,904
1337,335
1337,356
1337,529
1337,733
1337,905
1338,333
1338,357
1338,529
1338,732
1338,905
1339,333
1339,357
1339,528
1339,731
1339,906
1340,333
1340,357
1340,730
1340,907
1341,334
1341,707
1341,730
1341,909
1342,334
1342,707
1342,728
1342,908
1343,706
1343,727
1344,706
1344,728
1345,141
1345,704
1345,727
1346,142
1346,704
1346,728
1347,142
1347,532
1347,703
1348,142
1348,532
1348,703
1349,143
1349,532
1349,702
1350,144
1350,165
1350,531
1350,702
1351,146
1351,166
1351,531
1351,704
1352,146
1352,164
1352,531
1352,700
1352,704
1353,145
1353,165
1353,530
1354,146
1354,168
1354,530
1355,146
1355,169
1355,531
1356,170
1356,530
1357,170
1357,529
1358,170
1358,529
1359,169
1359,529
1360,529
1361,529
1362,529
1363,529
1364,528
1364,885
1365,528
1365,887
1366,529
1366,890
1367,890
1368,527
1368,892
1369,527
1369,893
1370,526
1370,893
1371,711
1371,894
1372,710
1372,894
1373,710
1373,895
1374,365
1374,710
1374,895
1375,363
1375,525
1375,710
1375,897
1376,361
1376,524
1376,711
1376,898
1377,360
1377,524
1377,711
1377,896
1377,905
1378,359
1378,524
1378,710
1378,906
1378,915
1379,359
1379,524
1379,710
1379,915
1380,359
1380,523
1380,711
1380,914
1381,358
1381,524
1381,711
1381,915
1382,357
1382,524
1382,711
1382,916
1383,356
1383,524
1383,711
1383,917
1384,354
1384,524
1384,711
1384,917
1385,157
1385,339
1385,348
1385,357
1385,523
1385,711
1385,917
1386,157
1386,338
1386,356
1386,523
1386,711
1386,918
1387,156
1387,339
1387,523
1387,711
1387,919
1388,156
1388,339
1388,523
1388,711
1388,920
1389,156
1389,338
1389,523
1389,711
1389,920
1390,156
1390,337
1390,522
1390,923
1391,157
1391,337
1391,522
1392,156
1392,335
1392,521
1393,156
1393,335
1393,522
1393,712
1394,156
1394,334
1395,156
1395,334
1396,156
1396,333
1397,156
1397,530
1398,156
1398,530
1398,712
1399,155
1399,530
1399,712
1400,156
1400,530
1400,712
1401,156
1401,530
1401,713
1402,156
1402,529
1402,712
1403,156
1403,529
1403,712
1404,156
1404,529
1404,713
1405,156
1405,529
1405,713
1406,529
1406,713
1407,529
1407,713
1408,528
1408,713
1409,157
1409,528
1409,713
1410,528
1410,713
1411,528
1411,713
1412,529
1412,713
1413,528
1413,712
1414,156
1414,527
1414,713
1415,156
1415,713
1416,155
1416,714
1417,155
1418,156
1418,526
1419,155
1420,155
1421,156
1422,155
1422,524
1422,887
1423,155
1423,524
1423,885
1424,155
1424,524
1424,884
1424,908
1425,156
1425,523
1425,885
1425,910
1426,155
1426,523
1426,885
1426,910
1427,155
1427,333
1427,524
1427,887
1427,911
1428,155
1428,334
1428,524
1428,887
1428,909
1429,155
1429,335
1429,524
1429,887
1429,913
1430,155
1430,335
1430,523
1430,704
1430,887
1430,913
1431,155
1431,335
1431,522
1431,705
1431,888
1431,913
1432,156
1432,336
1432,522
1432,705
1432,888
1432,912
1433,336
1433,523
1433,706
1433,912
1434,337
1434,523
1434,707
1434,911
1435,338
1435,522
1435,707
1436,338
1436,522
1436,707
1437,338
1437,521
1437,708
1438,338
1438,522
1438,708
1439,338
1439,709
1440,338
1440,709
1441,339
1441,710
1442,340
1442,710
1443,164
1443,710
1444,164
1444,344
1444,710
1445,163
1445,343
1445,711
1446,163
1447,164
1447,715
1448,164
1448,346
1449,164
1449,347
1449,715
1450,164
1450,346
1451,163
1451,347
1451,720
1452,164
1452,347
1452,720
1453,164
1453,348
1453,720
1454,164
1454,348
1454,720
1455,165
1455,348
1455,720
1456,164
1456,348
1456,721
1457,164
1457,348
1457,721
1458,164
1458,349
1458,532
1458,722
1458,1074
1459,164
1459,350
1459,532
1459,722
1459,1074
1460,165
1460,351
1460,531
1460,722
1460,1075
1461,165
1461,351
1461,532
1461,722
1461,1076
1462,351
1462,532
1462,723
1462,1077
1463,167
1463,352
1463,532
1463,724
1463,1077
1464,166
1464,532
1464,725
1464,1078
1465,532
1465,725
1465,1079
1466,532
1466,725
1466,1079
1467,532
1467,1082
1468,166
1468,532
1468,1079
1468,1089
1468,1097
1469,167
1469,533
1469,1096
1470,167
1470,533
1470,879
1470,1096
1471,167
1471,532
1471,880
1471,1098
1472,167
1472,532
1472,881
1472,1099
1473,167
1473,532
1473,882
1473,1099
1474,167
1474,533
1474,882
1474,1100
1475,167
1475,883
1475,1100
1476,167
1476,884
1476,1101
1477,167
1477,534
1477,885
1477,1101
1478,167
1478,886
1478,1103
1479,167
1479,362
1479,886
1480,167
1480,358
1480,886
1481,167
1481,358
1481,886
1482,167
1482,356
1482,534
1482,887
1483,168
1483,355
1483,533
1483,887
1484,168
1484,355
1484,533
1484,887
1485,169
1485,354
1485,534
1485,888
1486,353
1486,534
1486,715
1486,887
1487,353
1487,534
1487,716
1488,353
1488,534
1488,716
1488,894
1488,913
1489,352
1489,534
1489,716
1490,350
1490,534
1490,716
1491,345
1491,352
1491,534
1491,717
1492,338
1492,534
1492,718
1492,903
1493,338
1493,534
1493,718
1493,903
1494,338
1494,535
1494,717
1494,902
1495,336
1495,534
1495,718
1495,903
1496,336
1496,534
1496,718
1496,903
1497,336
1497,534
1497,719
1497,903
1498,335
1498,535
1498,719
1498,904
1499,335
1499,719
1499,904
1500,334
1500,718
1500,904
1501,332
1501,719
1501,905
1502,332
1502,906
1503,176
1503,329
1503,721
1503,908
1504,173
1504,721
1504,908
1505,173
1505,907
1506,171
1507,171
1508,170
1509,169
1510,168
1510,724
1511,168
1511,554
1511,724
1512,167
1512,552
1512,723
1513,161
1513,168
1513,551
1513,724
1514,152
1514,159
1514,167
1514,549
1514,724
1515,153
1515,548
1515,724
1516,152
1516,548
1516,725
1517,152
1517,547
1517,724
1518,152
1518,546
1518,724
1519,151
1519,546
1519,725
1520,149
1520,545
1520,725
1520,886
1521,149
1521,545
1521,726
1521,886
1522,149
1522,545
1522,726
1522,887
1523,148
1523,543
1523,726
1523,888
1524,146
1524,536
1524,545
1524,726
1524,889
1525,530
1525,727
1525,889
1526,530
1526,889
1527,529
1527,889
1528,529
1528,890
1529,528
1529,891
1530,527
1530,891
1531,527
1531,891
1532,527
1532,892
1533,526
1533,892
1534,525
1534,892
1535,524
1535,892
1536,523
1536,893
1537,363
1537,522
1537,893
1538,363
1538,721
1538,895
1539,363
1539,722
1539,897
1540,362
1540,720
1540,897
1541,362
1541,720
1542,361
1542,720
1543,361
1543,719
1544,339
1544,360
1544,719
1544,903
1545,340
1545,357
1545,718
1545,901
1546,342
1546,359
1546,717
1546,902
1547,340
1547,359
1547,717
1547,903
1548,153
1548,338
1548,359
1548,717
1548,903
1549,154
1549,337
1549,717
1549,904
1550,154
1550,336
1550,717
1550,904
1551,155
1551,336
1551,716
1551,904
1552,156
1552,335
1552,716
1552,904
1553,157
1553,335
1553,716
1553,905
1554,157
1554,335
1554,715
1554,905
1555,157
1555,906
1556,157
1556,711
1556,906
1557,158
1557,711
1557,906
1558,158
1558,907
1558,1076
1559,159
1559,908
1559,1076
1560,159
1560,708
1560,908
1560,1078
1561,159
1561,708
1561,909
1561,1078
1562,159
1562,707
1562,1079
1563,159
1563,707
1563,1081
1564,160
1564,707
1564,1081
1565,163
1565,707
1565,1082
1566,166
1566,706
1566,1082
1567,165
1567,706
1567,1082
1568,164
1568,705
1568,1082
1569,705
1569,1083
1570,542
1570,705
1570,1084
1571,168
1571,540
1571,704
1571,1083
1572,168
1572,539
1572,704
1572,1084
1573,168
1573,539
1573,702
1573,1084
1574,168
1574,538
1574,702
1575,169
1575,537
1575,702
1575,1088
1576,169
1576,536
1577,170
1577,534
1578,170
1578,518
1578,534
1578,1090
1579,170
1579,518
1579,536
1579,1094
1580,170
1580,518
1580,536
1580,1094
1581,171
1581,517
1581,1094
1582,171
1582,516
1582,1095
1583,172
1583,515
1583,914
1583,1095
1584,173
1584,515
1584,913
1584,1096
1585,173
1585,514
1585,911
1585,1096
1586,174
1586,513
1586,909
1586,1096
1587,513
1587,909
1587,1097
1588,909
1588,1097
1589,708
1589,908
1589,1098
1590,708
1590,907
1590,1099
1591,708
1591,906
1591,1099
1592,709
1592,905
1592,1100
1593,709
1593,904
1593,1101
1594,710
1594,892
1594,906
1595,710
1595,891
1596,710
1596,890
1597,710
1597,889
1598,711
1598,888
1599,328
1599,333
1599,711
1599,888
1600,332
1600,712
1600,887
1601,332
1601,712
1601,886
1602,333
1602,356
1602,712
1602,886
1603,333
1603,356
1603,711
1603,885
1604,336
1604,358
1604,712
1604,885
1605,345
1605,712
1605,885
1606,335
1606,357
1607,335
1607,359
1608,334
1608,359
1609,336
1609,359
1610,359
1611,359
1612,355
1612,718
1613,718
1614,718
1615,718
1616,718
1617,719
1618,719
1619,719
1620,719
1621,719
1622,719
1623,720
1624,721
1624,907
1624,1101
1625,515
1625,721
1625,907
1625,1102
1626,517
1626,721
1626,907
1626,1101
1627,519
1627,722
1627,906
1627,1077
1627,1101
1628,519
1628,722
1628,906
1628,1076
1628,1101
1629,520
1629,907
1629,1075
1629,1097
1630,521
1630,907
1630,1078
1630,1100
1631,521
1631,907
1631,1074
1631,1100
1632,336
1632,522
1632,906
1632,1074
1632,1099
1633,335
1633,522
1633,531
1633,538
1633,906
1633,1074
1633,1098
1634,336
1634,522
1634,533
1634,540
1634,906
1634,1074
1635,336
1635,523
1635,540
1635,906
1635,1075
1636,336
1636,540
1636,906
1636,1075
1637,337
1637,542
1637,905
1638,337
1638,542
1638,906
1639,337
1639,543
1639,906
1640,338
1640,543
1640,906
1641,338
1641,544
1641,907
1642,338
1642,545
1642,906
1643,338
1643,544
1643,905
1644,339
1645,338
1646,339
1647,339
1647,905
1648,340
1649,340
1650,727
1651,726
1652,343
1652,725
1652,905
1653,343
1653,724
1653,904
1654,724
1654,904
1655,723
1655,904
1656,722
1656,904
1657,345
1657,721
1657,904
1658,346
1658,721
1658,904
1659,347
1659,721
1659,904
1660,347
1660,720
1660,904
1661,347
1661,720
1661,904
1662,347
1662,719
1662,904
1663,346
1663,719
1663,904
1664,347
1664,719
1664,904
1665,347
1665,719
1665,904
1666,347
1666,719
1666,904
1667,348
1667,903
1668,348
1668,712
1668,903
1669,348
1669,712
1669,904
1670,349
1670,904
1671,350
1671,709
1671,902
1672,350
1672,707
1673,351
1673,706
1674,352
1674,706
1675,170
1675,706
1676,172
1676,705
1677,171
1677,705
1678,147
1678,171
1678,705
1679,147
1679,172
1679,704
1680,147
1680,169
1680,704
1681,148
1681,171
1681,523
1681,703
1682,145
1682,170
1682,522
1682,703
1683,145
1683,169
1683,521
1683,701
1684,145
1684,168
1684,521
1684,546
1684,701
1685,145
1685,169
1685,522
1685,547
1685,700
1686,145
1686,525
1686,546
1686,699
1687,145
1687,524
1687,546
1687,699
1688,145
1688,524
1688,548
1689,524
1689,549
1690,523
1690,549
1690,914
1691,549
1691,912
1692,363
1692,548
1692,911
1693,360
1693,547
1693,910
1694,359
1694,909
1695,358
1695,908
1696,357
1696,907
1697,357
1697,907
1698,356
1698,906
1699,355
1699,906
1700,354
1700,905
1701,354
1701,905
1702,354
1702,904
1703,352
1703,901
1704,346
1704,353
1704,897
1704,905
1705,345
1705,352
1705,889
1705,894
1706,338
1706,344
1706,888
1707,338
1707,888
1708,337
1708,888
1709,336
1709,888
1710,336
1710,887
1711,335
1711,886
1712,335
1712,885
1713,334
1713,885
1713,1081
1714,333
1714,884
1714,1082
1715,333
1715,884
1715,1082
1716,332
1716,882
1716,1081
1717,331
1717,882
1717,1082
1718,328
1718,332
1718,881
1718,1082
1719,1082
1720,142
1720,1082
1721,143
1721,1082
1722,145
1722,1082
1723,146
1723,1082
1724,147
1724,1083
1725,148
1725,1083
1726,148
1726,1083
1727,149
1727,1083
1728,149
1728,1083
1729,151
1729,1083
1730,151
1730,1083
1731,150
1731,159
1731,551
1731,1083
1732,149
1732,161
1732,167
1732,549
1732,1083
1733,166
1733,547
1733,1082
1734,167
1734,546
1735,168
1735,545
1736,168
1736,544
1737,169
1737,543
1737,1084
1738,170
1738,543
1739,171
1739,542
1740,171
1740,542
1741,171
1741,542
1742,173
1742,541
1742,1085
1743,173
1743,338
1743,541
1743,1085
1744,338
1744,541
1744,1085
1745,338
1745,533
1745,889
1745,1085
1746,339
1746,528
1746,889
1746,1085
1747,340
1747,526
1747,891
1747,1085
1748,340
1748,526
1748,892
1748,1085
1749,340
1749,525
1749,893
1749,1086
1750,341
1750,525
1750,893
1750,1086
1751,341
1751,524
1751,894
1751,1085
1752,342
1752,524
1752,718
1752,894
1752,1085
1753,342
1753,523
1753,717
1753,896
1753,1086
1754,342
1754,522
1754,717
1754,898
1754,1086
1755,342
1755,521
1755,717
1755,896
1755,904
1755,912
1755,1086
1756,342
1756,521
1756,717
1756,895
1756,910
1756,1086
1757,343
1757,521
1757,717
1757,913
1757,1086
1758,343
1758,519
1758,716
1758,914
1758,1086
1759,342
1759,716
1759,914
1759,1086
1760,716
1760,915
1760,1087
1761,347
1761,716
1761,915
1761,1087
1762,716
1762,916
1763,716
1763,917
1764,716
1764,917
1764,1086
1765,156
1765,715
1765,917
1765,1087
1766,156
1766,350
1766,716
1766,1087
1767,155
1767,350
1767,716
1767,1087
1768,155
1768,351
1768,716
1768,1086
1769,156
1769,351
1769,716
1769,1086
1770,156
1770,351
1770,715
1770,1087
1771,156
1771,352
1771,1086
1772,156
1772,351
1772,1086
1773,156
1773,351
1773,1086
1774,156
1774,352
1774,1086
1775,156
1775,353
1775,713
1775,1086
1776,157
1776,353
1776,526
1776,1086
1777,157
1777,353
1777,526
1777,1086
1778,157
1778,354
1778,526
1778,712
1778,1087
1779,157
1779,354
1779,527
1779,712
1779,1086
1780,157
1780,355
1780,527
1780,712
1780,1086
1781,157
1781,356
1781,527
1781,712
1781,1086
1782,157
1782,527
1782,712
1782,1086
1783,527
1783,712
1784,527
1784,712
1785,528
1785,712
1786,159
1786,528
1786,712
1787,159
1787,528
1787,711
1787,892
1788,528
1788,711
1788,892
1789,528
1789,711
1789,894
1790,159
1790,528
1790,711
1790,895
1791,161
1791,528
1791,711
1791,895
1791,1084
1792,160
1792,529
1792,711
1792,895
1792,1085
1793,160
1793,529
1793,710
1793,897
1793,1085
1794,160
1794,528
1794,710
1794,898
1794,1085
1795,161
1795,339
1795,530
1795,710
1795,898
1795,1086
1796,160
1796,340
1796,530
1796,710
1796,899
1796,1085
1797,160
1797,339
1797,899
1797,1085
1798,160
1798,340
1798,899
1798,1085
1799,161
1799,340
1799,900
1799,1085
1800,161
1800,340
1800,900
1800,1085
1801,162
1801,340
1801,901
1801,1085
1802,162
1802,340
1802,900
1802,1085
1803,161
1803,341
1803,532
1803,907
1803,1084
1804,161
1804,341
1804,532
1804,906
1804,1084
1805,162
1805,341
1805,532
1805,907
1805,1084
1806,162
1806,341
1806,532
1806,909
1806,1084
1807,163
1807,341
1807,532
1807,913
1807,1085
1808,163
1808,341
1808,532
1808,913
1809,342
1809,532
1809,914
1810,342
1810,533
1810,914
1811,342
1811,532
1811,914
1812,342
1812,532
1812,915
1813,342
1813,533
1813,915
1814,342
1814,533
1814,916
1815,342
1815,534
1815,916
1816,158
1816,534
1816,916
1817,159
1817,346
1817,534
1817,917
1818,159
1818,534
1818,701
1818,918
1819,158
1819,344
1819,534
1819,701
1819,920
1820,159
1820,535
1820,700
1820,920
1821,159
1821,700
1821,922
1822,160
1822,701
1822,726
1823,161
1823,704
1823,725
1824,161
1824,345
1824,704
1824,724
1825,161
1825,346
1825,703
1825,725
1826,161
1826,346
1826,703
1826,728
1827,161
1827,346
1827,704
1827,729
1828,162
1828,347
1828,704
1828,729
1829,162
1829,346
1829,729
1830,162
1830,346
1830,728
1831,162
1831,346
1831,728
1832,161
1832,347
1832,726
1833,347
1834,347
1835,166
1835,347
1836,347
1837,347
1838,348
1839,168
1839,348
1840,169
1840,348
1841,169
1841,348
1841,518
1842,169
1842,349
1842,520
1843,169
1843,520
1844,169
1844,521
1845,169
1845,522
1846,170
1846,523
1846,915
1847,170
1847,523
1847,914
1848,170
1848,525
1848,913
1849,170
1849,524
1849,542
1849,913
1850,171
1850,525
1850,540
1850,911
1851,172
1851,525
1851,543
1851,910
1852,172
1852,544
1852,909
1853,173
1853,545
1853,909
1854,174
1854,546
1854,908
1855,173
1855,546
1855,908
1856,546
1856,908
1857,547
1857,907
1858,547
1858,907
1859,328
1859,545
1859,906
1860,328
1860,905
1861,330
1861,899
1861,906
1862,331
1862,898
1863,332
1864,332
1864,893
1865,333
1865,893
1866,334
1866,891
1867,334
1867,891
1868,335
1868,696
1868,890
1869,336
1869,699
1869,891
1870,336
1870,699
1870,890
1871,337
1871,701
1871,890
1872,336
1872,343
1872,702
1872,889
1873,337
1873,702
1873,888
1874,345
1874,703
1874,888
1875,352
1875,704
1875,887
1876,351
1876,705
1876,886
1877,352
1877,706
1877,884
1878,352
1878,707
1878,883
1879,353
1879,705
1879,724
1880,353
1880,705
1880,720
1881,354
1881,722
1882,355
1882,724
1883,355
1883,725
1884,356
1884,725
1885,357
1885,726
1886,358
1886,539
1886,726
1887,359
1887,538
1887,727
1888,538
1888,727
1889,538
1889,728
1890,537
1890,729
1891,538
1892,537
1893,536
1894,536
1895,536
1895,1082
1896,536
1896,1083
1896,1093
1897,536
1897,1083
1898,536
1898,1081
1899,535
1899,1079
1900,535
1900,1078
1901,535
1901,1078
1902,348
1902,535
1902,1078
1903,348
1903,536
1903,1078
1904,348
1904,535
1904,1080
1905,347
1906,347
1907,347
1908,347
1909,347
1910,347
1911,346
1912,347
1912,531
1913,346
1913,530
1914,346
1914,530
1914,918
1915,346
1915,529
1915,917
1916,347
1916,529
1916,917
1917,346
1917,529
1917,916
1918,346
1918,529
1918,895
1918,916
1919,346
1919,529
1919,895
1919,913
1920,347
1920,529
1920,896
1920,914
1921,347
1921,528
1921,894
1921,914
1922,346
1922,528
1922,893
1922,914
1923,346
1923,528
1923,892
1923,914
1924,346
1924,528
1924,733
1924,891
1925,528
1925,731
1925,891
1926,527
1926,729
1926,891
1927,527
1927,728
1927,893
1928,526
1928,727
1929,526
1929,727
1930,727
1931,345
1931,726
1931,1074
1932,344
1932,707
1932,723
1932,1075
1933,344
1933,705
1933,715
1933,725
1933,1076
1934,344
1934,707
1934,725
1934,1078
1935,344
1935,705
1935,725
1935,1078
1936,344
1936,704
1936,1079
1937,344
1937,703
1937,1080
1938,344
1938,702
1938,1081
1939,344
1939,702
1939,1081
1940,343
1940,701
1940,1081
1941,344
1941,701
1941,1082
1942,344
1942,699
1942,1083
1943,343
1943,702
1943,1082
1944,343
1945,343
1946,343
1947,343
1948,343
1948,887
1949,343
1949,888
1950,889
1951,890
1952,545
1952,890
1953,545
1953,891
1954,545
1954,891
1955,520
1955,545
1955,892
1956,519
1956,544
1956,893
1957,518
1957,541
1957,893
1958,531
1958,893
1959,517
1959,543
1959,893
1960,516
1960,542
1960,894
1961,516
1961,543
1961,894
1962,516
1962,541
1962,894
1963,517
1963,541
1963,895
1964,518
1964,894
1964,898
1965,517
1965,898
1967,900
1970,905
1971,904
1972,905
1973,906
1974,906
1975,907
1976,907
1977,907
1978,907
1979,908
1980,908
1981,909
1982,910
1983,911
1984,911
1985,912
1988,708
1989,707
1989,730
1990,706
1990,732
1991,707
1991,720
1991,731
1992,720
1993,708
1993,731
1994,707
1994,732
1995,708
1995,731
1996,709
1996,730
1997,708
1997,731
1998,728
2006,1075
2007,1075
2008,1075
2009,1074
2010,1074
2011,1074
2012,1073
2013,1073
2014,1073
2015,1072
2016,1072
2017,1072
2018,1072
2019,1073
